                   * c:\users\my\desktop\prakash\prakash.cir
                   Transient Analysis  Mon Mar 07 21:31:19  2022
--------------------------------------------------------------------------------
Index   time            net-_q1-pad2_   net-_q2-pad2_   net-_r2-pad2_   
--------------------------------------------------------------------------------
0	0.000000e+000	2.002354e-015	2.002354e-015	2.000000e+000	
1	1.000000e-008	1.999995e-002	1.999995e-002	2.000000e+000	
2	2.000000e-008	3.999995e-002	3.999995e-002	2.000000e+000	
3	4.000000e-008	7.999994e-002	7.999994e-002	2.000000e+000	
4	8.000000e-008	1.599999e-001	1.599999e-001	2.000000e+000	
5	1.600000e-007	3.199999e-001	3.199999e-001	2.000000e+000	
6	3.200000e-007	6.399999e-001	6.399999e-001	2.000000e+000	
7	4.714643e-007	9.429179e-001	9.429179e-001	2.000000e+000	
8	6.156330e-007	1.231230e+000	1.231230e+000	2.000000e+000	
9	7.750643e-007	1.550063e+000	1.550063e+000	2.000000e+000	
10	9.277305e-007	1.855365e+000	1.855365e+000	2.000000e+000	
11	1.000000e-006	1.999890e+000	1.999890e+000	2.000000e+000	
12	1.019238e-006	1.999890e+000	1.999890e+000	2.000000e+000	
13	1.057715e-006	1.999890e+000	1.999890e+000	2.000000e+000	
14	1.134668e-006	1.999890e+000	1.999890e+000	2.000000e+000	
15	1.288574e-006	1.999890e+000	1.999890e+000	2.000000e+000	
16	1.596386e-006	1.999890e+000	1.999890e+000	2.000000e+000	
17	1.980466e-006	1.999890e+000	1.999890e+000	2.000000e+000	
18	2.477201e-006	1.999890e+000	1.999890e+000	2.000000e+000	
19	3.214797e-006	1.999890e+000	1.999890e+000	2.000000e+000	
20	4.619556e-006	1.999890e+000	1.999890e+000	2.000000e+000	
21	7.429075e-006	1.999890e+000	1.999890e+000	2.000000e+000	
22	1.304811e-005	1.999890e+000	1.999890e+000	2.000000e+000	
23	2.428619e-005	1.999890e+000	1.999890e+000	2.000000e+000	
24	4.676234e-005	1.999890e+000	1.999890e+000	2.000000e+000	
25	9.171465e-005	1.999890e+000	1.999890e+000	2.000000e+000	
26	1.816193e-004	1.999890e+000	1.999890e+000	2.000000e+000	
27	3.614285e-004	1.999890e+000	1.999890e+000	2.000000e+000	
28	7.210469e-004	1.999890e+000	1.999890e+000	2.000000e+000	
29	1.001000e-003	1.999890e+000	1.999890e+000	2.000000e+000	
30	1.001100e-003	1.799910e+000	1.999890e+000	2.000000e+000	
31	1.001300e-003	1.399950e+000	1.999890e+000	2.000000e+000	
32	1.001579e-003	8.425683e-001	1.999890e+000	2.000000e+000	
33	1.001736e-003	5.280587e-001	1.999890e+000	2.000000e+000	
34	1.001868e-003	2.634004e-001	1.999890e+000	2.000000e+000	
35	1.001996e-003	7.510488e-003	1.999890e+000	2.000000e+000	
36	1.002000e-003	-9.66928e-006	1.999890e+000	2.000000e+000	
37	1.002001e-003	-2.21284e-006	1.999890e+000	2.000000e+000	
38	1.002002e-003	4.112334e-007	1.999890e+000	2.000000e+000	
39	1.002002e-003	-7.45139e-008	1.999890e+000	2.000000e+000	
40	1.002003e-003	-3.11921e-008	1.999890e+000	2.000000e+000	
41	1.002003e-003	-1.77426e-008	1.999890e+000	2.000000e+000	
42	1.002003e-003	-4.89709e-009	1.999890e+000	2.000000e+000	
43	1.002003e-003	-3.87393e-009	1.999890e+000	2.000000e+000	
44	1.002004e-003	1.772454e-009	1.999890e+000	2.000000e+000	
45	1.002004e-003	-1.70777e-009	1.999890e+000	2.000000e+000	
46	1.002006e-003	1.685332e-009	1.999890e+000	2.000000e+000	
47	1.002008e-003	-1.67245e-009	1.999890e+000	2.000000e+000	
48	1.002012e-003	1.666413e-009	1.999890e+000	2.000000e+000	
49	1.002020e-003	-1.66323e-009	1.999890e+000	2.000000e+000	
50	1.002037e-003	1.661733e-009	1.999890e+000	2.000000e+000	
51	1.002070e-003	-1.66094e-009	1.999890e+000	2.000000e+000	
52	1.002137e-003	1.660565e-009	1.999890e+000	2.000000e+000	
53	1.002270e-003	-1.66036e-009	1.999890e+000	2.000000e+000	
54	1.002537e-003	1.660274e-009	1.999890e+000	2.000000e+000	

Index   time            net-_q1-pad2_   net-_q2-pad2_   net-_r2-pad2_   
--------------------------------------------------------------------------------
55	1.003071e-003	-1.66022e-009	1.999890e+000	2.000000e+000	
56	1.004139e-003	1.660201e-009	1.999890e+000	2.000000e+000	
57	1.006275e-003	-1.66018e-009	1.999890e+000	2.000000e+000	
58	1.010546e-003	1.660183e-009	1.999890e+000	2.000000e+000	
59	1.019089e-003	-1.66018e-009	1.999890e+000	2.000000e+000	
60	1.036174e-003	1.660178e-009	1.999890e+000	2.000000e+000	
61	1.070345e-003	-1.66017e-009	1.999890e+000	2.000000e+000	
62	1.138687e-003	1.660177e-009	1.999890e+000	2.000000e+000	
63	1.275370e-003	-1.66017e-009	1.999890e+000	2.000000e+000	
64	1.548736e-003	1.660177e-009	1.999890e+000	2.000000e+000	
65	1.948736e-003	-1.66017e-009	1.999890e+000	2.000000e+000	
66	2.000000e-003	1.660176e-009	1.999890e+000	2.000000e+000	
67	2.000100e-003	1.999999e-001	1.999890e+000	2.000000e+000	
68	2.000300e-003	5.999999e-001	1.999890e+000	2.000000e+000	
69	2.000489e-003	9.778889e-001	1.999890e+000	2.000000e+000	
70	2.000669e-003	1.337379e+000	1.999890e+000	2.000000e+000	
71	2.000816e-003	1.631423e+000	1.999890e+000	2.000000e+000	
72	2.000984e-003	1.968332e+000	1.999890e+000	2.000000e+000	
73	2.001000e-003	1.999890e+000	1.999890e+000	2.000000e+000	
74	2.001032e-003	1.999890e+000	1.936775e+000	2.000000e+000	
75	2.001095e-003	1.999890e+000	1.810546e+000	2.000000e+000	
76	2.001221e-003	1.999890e+000	1.558088e+000	2.000000e+000	
77	2.001473e-003	1.999890e+000	1.053172e+000	2.000000e+000	
78	2.001663e-003	1.999890e+000	6.736718e-001	2.000000e+000	
79	2.001762e-003	1.999890e+000	4.763881e-001	2.000000e+000	
80	2.001827e-003	1.999890e+000	3.463387e-001	2.000000e+000	
81	2.001879e-003	1.999890e+000	2.427373e-001	2.000000e+000	
82	2.001930e-003	1.999890e+000	1.407920e-001	2.000000e+000	
83	2.002000e-003	1.999890e+000	-1.68640e-006	2.000000e+000	
84	2.002010e-003	1.999890e+000	-5.04858e-008	2.000000e+000	
85	2.002020e-003	1.999890e+000	4.537397e-008	2.000000e+000	
86	2.002028e-003	1.999890e+000	-3.92290e-008	2.000000e+000	
87	2.002035e-003	1.999890e+000	3.382531e-008	2.000000e+000	
88	2.002044e-003	1.999890e+000	-3.02242e-008	2.000000e+000	
89	2.002053e-003	1.999890e+000	2.681582e-008	2.000000e+000	
90	2.002064e-003	1.999890e+000	-2.41702e-008	2.000000e+000	
91	2.002076e-003	1.999890e+000	2.203835e-008	2.000000e+000	
92	2.002088e-003	1.999890e+000	-2.02565e-008	2.000000e+000	
93	2.002103e-003	1.999890e+000	1.885390e-008	2.000000e+000	
94	2.002121e-003	1.999890e+000	-1.77282e-008	2.000000e+000	
95	2.002142e-003	1.999890e+000	1.684918e-008	2.000000e+000	
96	2.002169e-003	1.999890e+000	-1.61810e-008	2.000000e+000	
97	2.002204e-003	1.999890e+000	1.568920e-008	2.000000e+000	
98	2.002252e-003	1.999890e+000	-1.53441e-008	2.000000e+000	
99	2.002325e-003	1.999890e+000	1.511743e-008	2.000000e+000	
100	2.002443e-003	1.999890e+000	-1.49796e-008	2.000000e+000	
101	2.002657e-003	1.999890e+000	1.490456e-008	2.000000e+000	
102	2.003086e-003	1.999890e+000	-1.48671e-008	2.000000e+000	
103	2.003944e-003	1.999890e+000	1.484840e-008	2.000000e+000	
104	2.005661e-003	1.999890e+000	-1.48390e-008	2.000000e+000	
105	2.009093e-003	1.999890e+000	1.483440e-008	2.000000e+000	
106	2.015959e-003	1.999890e+000	-1.48321e-008	2.000000e+000	
107	2.029689e-003	1.999890e+000	1.483090e-008	2.000000e+000	
108	2.057150e-003	1.999890e+000	-1.48303e-008	2.000000e+000	
109	2.112072e-003	1.999890e+000	1.483002e-008	2.000000e+000	
110	2.221917e-003	1.999890e+000	-1.48299e-008	2.000000e+000	
111	2.441606e-003	1.999890e+000	1.482980e-008	2.000000e+000	
112	2.841606e-003	1.999890e+000	-1.48298e-008	2.000000e+000	

Index   time            net-_q1-pad2_   net-_q2-pad2_   net-_r2-pad2_   
--------------------------------------------------------------------------------
113	3.001000e-003	1.999890e+000	1.482966e-008	2.000000e+000	
114	3.001100e-003	1.799910e+000	3.997436e-011	2.000000e+000	
115	3.001300e-003	1.399950e+000	-3.94232e-011	2.000000e+000	
116	3.001435e-003	1.130343e+000	3.998927e-011	2.000000e+000	
117	3.001594e-003	8.129936e-001	-3.57480e-011	2.000000e+000	
118	3.001697e-003	6.066107e-001	1.684441e-010	2.000000e+000	
119	3.001781e-003	4.386780e-001	-1.32265e-010	2.000000e+000	
120	3.001862e-003	2.756264e-001	1.382485e-010	2.000000e+000	
121	3.001959e-003	8.237695e-002	-1.43235e-010	2.000000e+000	
122	3.002000e-003	1.632397e-005	1.547420e-010	2.000000e+000	
123	3.002019e-003	2.230184e-007	-5.97646e-012	2.000000e+000	
124	3.002030e-003	-2.01200e-007	5.433530e-012	2.000000e+000	
125	3.002040e-003	1.807200e-007	-4.90762e-012	2.000000e+000	
126	3.002050e-003	-1.63001e-007	4.459205e-012	2.000000e+000	
127	3.002066e-003	1.524440e-007	-4.17776e-012	2.000000e+000	
128	3.002085e-003	-1.43987e-007	3.962311e-012	2.000000e+000	
129	3.002112e-003	1.385575e-007	-3.81396e-012	2.000000e+000	
130	3.002156e-003	-1.35172e-007	3.729356e-012	2.000000e+000	
131	3.002229e-003	1.332308e-007	-3.67331e-012	2.000000e+000	
132	3.002374e-003	-1.32234e-007	3.651215e-012	2.000000e+000	
133	3.002663e-003	1.317524e-007	-3.63422e-012	2.000000e+000	
134	3.003240e-003	-1.31505e-007	3.631749e-012	2.000000e+000	
135	3.004396e-003	1.313849e-007	-3.62451e-012	2.000000e+000	
136	3.006706e-003	-1.31323e-007	3.626898e-012	2.000000e+000	
137	3.011328e-003	1.312932e-007	-3.62208e-012	2.000000e+000	
138	3.020571e-003	-1.31278e-007	3.625686e-012	2.000000e+000	
139	3.039057e-003	1.312703e-007	-3.62148e-012	2.000000e+000	
140	3.076029e-003	-1.31266e-007	3.625383e-012	2.000000e+000	
141	3.149972e-003	1.312646e-007	-3.62133e-012	2.000000e+000	
142	3.297860e-003	-1.31264e-007	3.625307e-012	2.000000e+000	
143	3.593635e-003	1.312631e-007	-3.62129e-012	2.000000e+000	
144	3.993635e-003	-1.31263e-007	3.625285e-012	2.000000e+000	
145	4.000000e-003	1.312407e-007	-3.62069e-012	2.000000e+000	
146	4.000100e-003	1.999999e-001	1.999999e-001	2.000000e+000	
147	4.000300e-003	5.999999e-001	5.999999e-001	2.000000e+000	
148	4.000489e-003	9.778891e-001	9.778891e-001	2.000000e+000	
149	4.000669e-003	1.337379e+000	1.337379e+000	2.000000e+000	
150	4.000816e-003	1.631437e+000	1.631437e+000	2.000000e+000	
151	4.000984e-003	1.968351e+000	1.968351e+000	2.000000e+000	
152	4.001000e-003	1.999890e+000	1.999890e+000	2.000000e+000	
153	4.001032e-003	1.999890e+000	1.999890e+000	2.000000e+000	
154	4.001095e-003	1.999890e+000	1.999890e+000	2.000000e+000	
155	4.001221e-003	1.999890e+000	1.999890e+000	2.000000e+000	
156	4.001473e-003	1.999890e+000	1.999890e+000	2.000000e+000	
157	4.001844e-003	1.999890e+000	1.999890e+000	2.000000e+000	
158	4.002284e-003	1.999890e+000	1.999890e+000	2.000000e+000	
159	4.002930e-003	1.999890e+000	1.999890e+000	2.000000e+000	
160	4.004006e-003	1.999890e+000	1.999890e+000	2.000000e+000	
161	4.006159e-003	1.999890e+000	1.999890e+000	2.000000e+000	
162	4.010463e-003	1.999890e+000	1.999890e+000	2.000000e+000	
163	4.019072e-003	1.999890e+000	1.999890e+000	2.000000e+000	
164	4.036291e-003	1.999890e+000	1.999890e+000	2.000000e+000	
165	4.070728e-003	1.999890e+000	1.999890e+000	2.000000e+000	
166	4.139602e-003	1.999890e+000	1.999890e+000	2.000000e+000	
167	4.277349e-003	1.999890e+000	1.999890e+000	2.000000e+000	
168	4.552844e-003	1.999890e+000	1.999890e+000	2.000000e+000	
169	4.952844e-003	1.999890e+000	1.999890e+000	2.000000e+000	
170	5.001000e-003	1.999890e+000	1.999890e+000	2.000000e+000	

Index   time            net-_q1-pad2_   net-_q2-pad2_   net-_r2-pad2_   
--------------------------------------------------------------------------------
171	5.001100e-003	1.799910e+000	1.999890e+000	2.000000e+000	
172	5.001300e-003	1.399950e+000	1.999890e+000	2.000000e+000	
173	5.001579e-003	8.421638e-001	1.999890e+000	2.000000e+000	
174	5.001736e-003	5.276979e-001	1.999890e+000	2.000000e+000	
175	5.001868e-003	2.629952e-001	1.999890e+000	2.000000e+000	
176	5.001996e-003	7.033214e-003	1.999890e+000	2.000000e+000	
177	5.002000e-003	-9.40599e-006	1.999890e+000	2.000000e+000	
178	5.002001e-003	-2.44587e-006	1.999890e+000	2.000000e+000	
179	5.002001e-003	4.688059e-007	1.999890e+000	2.000000e+000	
180	5.002002e-003	-3.14510e-008	1.999890e+000	2.000000e+000	
181	5.002002e-003	-1.28520e-008	1.999890e+000	2.000000e+000	
182	5.002002e-003	-1.07963e-008	1.999890e+000	2.000000e+000	
183	5.002003e-003	-2.05681e-009	1.999890e+000	2.000000e+000	
184	5.002003e-003	-3.57093e-009	1.999890e+000	2.000000e+000	
185	5.002003e-003	1.587696e-009	1.999890e+000	2.000000e+000	
186	5.002004e-003	-1.90142e-009	1.999890e+000	2.000000e+000	
187	5.002004e-003	1.844613e-009	1.999890e+000	2.000000e+000	
188	5.002006e-003	-1.81896e-009	1.999890e+000	2.000000e+000	
189	5.002008e-003	1.807684e-009	1.999890e+000	2.000000e+000	
190	5.002014e-003	-1.80187e-009	1.999890e+000	2.000000e+000	
191	5.002024e-003	1.799166e-009	1.999890e+000	2.000000e+000	
192	5.002045e-003	-1.79773e-009	1.999890e+000	2.000000e+000	
193	5.002087e-003	1.797064e-009	1.999890e+000	2.000000e+000	
194	5.002170e-003	-1.79670e-009	1.999890e+000	2.000000e+000	
195	5.002337e-003	1.796540e-009	1.999890e+000	2.000000e+000	
196	5.002671e-003	-1.79645e-009	1.999890e+000	2.000000e+000	
197	5.003338e-003	1.796409e-009	1.999890e+000	2.000000e+000	
198	5.004673e-003	-1.79638e-009	1.999890e+000	2.000000e+000	
199	5.007343e-003	1.796376e-009	1.999890e+000	2.000000e+000	
200	5.012683e-003	-1.79637e-009	1.999890e+000	2.000000e+000	
201	5.023362e-003	1.796368e-009	1.999890e+000	2.000000e+000	
202	5.044722e-003	-1.79636e-009	1.999890e+000	2.000000e+000	
203	5.087440e-003	1.796366e-009	1.999890e+000	2.000000e+000	
204	5.172878e-003	-1.79636e-009	1.999890e+000	2.000000e+000	
205	5.343752e-003	1.796365e-009	1.999890e+000	2.000000e+000	
206	5.685501e-003	-1.79636e-009	1.999890e+000	2.000000e+000	
207	6.000000e-003	1.796365e-009	1.999890e+000	2.000000e+000	
208	6.000100e-003	1.999999e-001	1.999890e+000	2.000000e+000	
209	6.000300e-003	5.999999e-001	1.999890e+000	2.000000e+000	
210	6.000489e-003	9.778889e-001	1.999890e+000	2.000000e+000	
211	6.000669e-003	1.337379e+000	1.999890e+000	2.000000e+000	
212	6.000816e-003	1.631423e+000	1.999890e+000	2.000000e+000	
213	6.000984e-003	1.968332e+000	1.999890e+000	2.000000e+000	
214	6.001000e-003	1.999890e+000	1.999890e+000	2.000000e+000	
215	6.001032e-003	1.999890e+000	1.936775e+000	2.000000e+000	
216	6.001095e-003	1.999890e+000	1.810546e+000	2.000000e+000	
217	6.001221e-003	1.999890e+000	1.558089e+000	2.000000e+000	
218	6.001473e-003	1.999890e+000	1.053173e+000	2.000000e+000	
219	6.001663e-003	1.999890e+000	6.736735e-001	2.000000e+000	
220	6.001762e-003	1.999890e+000	4.763883e-001	2.000000e+000	
221	6.001827e-003	1.999890e+000	3.463370e-001	2.000000e+000	
222	6.001879e-003	1.999890e+000	2.427332e-001	2.000000e+000	
223	6.001930e-003	1.999890e+000	1.407855e-001	2.000000e+000	
224	6.002000e-003	1.999890e+000	-1.68631e-006	2.000000e+000	
225	6.002010e-003	1.999890e+000	-5.04826e-008	2.000000e+000	
226	6.002020e-003	1.999890e+000	4.537086e-008	2.000000e+000	
227	6.002028e-003	1.999890e+000	-3.92262e-008	2.000000e+000	
228	6.002035e-003	1.999890e+000	3.382294e-008	2.000000e+000	

Index   time            net-_q1-pad2_   net-_q2-pad2_   net-_r2-pad2_   
--------------------------------------------------------------------------------
229	6.002044e-003	1.999890e+000	-3.02220e-008	2.000000e+000	
230	6.002053e-003	1.999890e+000	2.681376e-008	2.000000e+000	
231	6.002064e-003	1.999890e+000	-2.41682e-008	2.000000e+000	
232	6.002076e-003	1.999890e+000	2.203641e-008	2.000000e+000	
233	6.002088e-003	1.999890e+000	-2.02546e-008	2.000000e+000	
234	6.002103e-003	1.999890e+000	1.885193e-008	2.000000e+000	
235	6.002121e-003	1.999890e+000	-1.77261e-008	2.000000e+000	
236	6.002142e-003	1.999890e+000	1.684705e-008	2.000000e+000	
237	6.002169e-003	1.999890e+000	-1.61787e-008	2.000000e+000	
238	6.002204e-003	1.999890e+000	1.568683e-008	2.000000e+000	
239	6.002252e-003	1.999890e+000	-1.53416e-008	2.000000e+000	
240	6.002325e-003	1.999890e+000	1.511483e-008	2.000000e+000	
241	6.002442e-003	1.999890e+000	-1.49769e-008	2.000000e+000	
242	6.002657e-003	1.999890e+000	1.490179e-008	2.000000e+000	
243	6.003085e-003	1.999890e+000	-1.48643e-008	2.000000e+000	
244	6.003943e-003	1.999890e+000	1.484559e-008	2.000000e+000	
245	6.005657e-003	1.999890e+000	-1.48362e-008	2.000000e+000	
246	6.009086e-003	1.999890e+000	1.483157e-008	2.000000e+000	
247	6.015943e-003	1.999890e+000	-1.48292e-008	2.000000e+000	
248	6.029659e-003	1.999890e+000	1.482806e-008	2.000000e+000	
249	6.057090e-003	1.999890e+000	-1.48275e-008	2.000000e+000	
250	6.111951e-003	1.999890e+000	1.482719e-008	2.000000e+000	
251	6.221675e-003	1.999890e+000	-1.48270e-008	2.000000e+000	
252	6.441121e-003	1.999890e+000	1.482697e-008	2.000000e+000	
253	6.841121e-003	1.999890e+000	-1.48269e-008	2.000000e+000	
254	7.001000e-003	1.999890e+000	1.482683e-008	2.000000e+000	
255	7.001100e-003	1.799910e+000	3.996678e-011	2.000000e+000	
256	7.001300e-003	1.399950e+000	-3.94157e-011	2.000000e+000	
257	7.001435e-003	1.130342e+000	3.998180e-011	2.000000e+000	
258	7.001594e-003	8.129628e-001	-3.57392e-011	2.000000e+000	
259	7.001697e-003	6.065827e-001	1.684648e-010	2.000000e+000	
260	7.001781e-003	4.386539e-001	-1.32323e-010	2.000000e+000	
261	7.001862e-003	2.756074e-001	1.383079e-010	2.000000e+000	
262	7.001959e-003	8.238696e-002	-1.43296e-010	2.000000e+000	
263	7.002000e-003	1.632840e-005	1.548045e-010	2.000000e+000	
264	7.002019e-003	2.231146e-007	-5.97873e-012	2.000000e+000	
265	7.002030e-003	-2.01287e-007	5.435608e-012	2.000000e+000	
266	7.002040e-003	1.807988e-007	-4.90951e-012	2.000000e+000	
267	7.002050e-003	-1.63070e-007	4.460885e-012	2.000000e+000	
268	7.002066e-003	1.525090e-007	-4.17933e-012	2.000000e+000	
269	7.002085e-003	-1.44048e-007	3.963791e-012	2.000000e+000	
270	7.002112e-003	1.386159e-007	-3.81537e-012	2.000000e+000	
271	7.002156e-003	-1.35228e-007	3.730736e-012	2.000000e+000	
272	7.002229e-003	1.332865e-007	-3.67467e-012	2.000000e+000	
273	7.002374e-003	-1.32289e-007	3.652559e-012	2.000000e+000	
274	7.002663e-003	1.318074e-007	-3.63556e-012	2.000000e+000	
275	7.003240e-003	-1.31560e-007	3.633084e-012	2.000000e+000	
276	7.004395e-003	1.314397e-007	-3.62584e-012	2.000000e+000	
277	7.006706e-003	-1.31378e-007	3.628230e-012	2.000000e+000	
278	7.011327e-003	1.313480e-007	-3.62342e-012	2.000000e+000	
279	7.020569e-003	-1.31333e-007	3.627018e-012	2.000000e+000	
280	7.039053e-003	1.313250e-007	-3.62281e-012	2.000000e+000	
281	7.076021e-003	-1.31321e-007	3.626715e-012	2.000000e+000	
282	7.149958e-003	1.313193e-007	-3.62266e-012	2.000000e+000	
283	7.297831e-003	-1.31318e-007	3.626639e-012	2.000000e+000	
284	7.593577e-003	1.313179e-007	-3.62262e-012	2.000000e+000	
285	7.993577e-003	-1.31318e-007	3.626617e-012	2.000000e+000	
286	8.000000e-003	1.312957e-007	-3.62203e-012	2.000000e+000	

Index   time            net-_q1-pad2_   net-_q2-pad2_   net-_r2-pad2_   
--------------------------------------------------------------------------------
287	8.000100e-003	1.999999e-001	1.999999e-001	2.000000e+000	
288	8.000300e-003	5.999999e-001	5.999999e-001	2.000000e+000	
289	8.000489e-003	9.778891e-001	9.778891e-001	2.000000e+000	
290	8.000669e-003	1.337379e+000	1.337379e+000	2.000000e+000	
291	8.000816e-003	1.631437e+000	1.631437e+000	2.000000e+000	
292	8.000984e-003	1.968351e+000	1.968351e+000	2.000000e+000	
293	8.001000e-003	1.999890e+000	1.999890e+000	2.000000e+000	
294	8.001032e-003	1.999890e+000	1.999890e+000	2.000000e+000	
295	8.001095e-003	1.999890e+000	1.999890e+000	2.000000e+000	
296	8.001221e-003	1.999890e+000	1.999890e+000	2.000000e+000	
297	8.001473e-003	1.999890e+000	1.999890e+000	2.000000e+000	
298	8.001844e-003	1.999890e+000	1.999890e+000	2.000000e+000	
299	8.002284e-003	1.999890e+000	1.999890e+000	2.000000e+000	
300	8.002930e-003	1.999890e+000	1.999890e+000	2.000000e+000	
301	8.004006e-003	1.999890e+000	1.999890e+000	2.000000e+000	
302	8.006159e-003	1.999890e+000	1.999890e+000	2.000000e+000	
303	8.010463e-003	1.999890e+000	1.999890e+000	2.000000e+000	
304	8.019072e-003	1.999890e+000	1.999890e+000	2.000000e+000	
305	8.036291e-003	1.999890e+000	1.999890e+000	2.000000e+000	
306	8.070728e-003	1.999890e+000	1.999890e+000	2.000000e+000	
307	8.139602e-003	1.999890e+000	1.999890e+000	2.000000e+000	
308	8.277349e-003	1.999890e+000	1.999890e+000	2.000000e+000	
309	8.552844e-003	1.999890e+000	1.999890e+000	2.000000e+000	
310	8.952844e-003	1.999890e+000	1.999890e+000	2.000000e+000	
311	9.001000e-003	1.999890e+000	1.999890e+000	2.000000e+000	
312	9.001100e-003	1.799910e+000	1.999890e+000	2.000000e+000	
313	9.001300e-003	1.399950e+000	1.999890e+000	2.000000e+000	
314	9.001579e-003	8.421638e-001	1.999890e+000	2.000000e+000	
315	9.001736e-003	5.276979e-001	1.999890e+000	2.000000e+000	
316	9.001868e-003	2.629952e-001	1.999890e+000	2.000000e+000	
317	9.001996e-003	7.033214e-003	1.999890e+000	2.000000e+000	
318	9.002000e-003	-9.40598e-006	1.999890e+000	2.000000e+000	
319	9.002001e-003	-2.44587e-006	1.999890e+000	2.000000e+000	
320	9.002001e-003	4.688059e-007	1.999890e+000	2.000000e+000	
321	9.002002e-003	-3.14510e-008	1.999890e+000	2.000000e+000	
322	9.002002e-003	-1.28520e-008	1.999890e+000	2.000000e+000	
323	9.002002e-003	-1.07963e-008	1.999890e+000	2.000000e+000	
324	9.002003e-003	-2.05681e-009	1.999890e+000	2.000000e+000	
325	9.002003e-003	-3.57093e-009	1.999890e+000	2.000000e+000	
326	9.002003e-003	1.587696e-009	1.999890e+000	2.000000e+000	
327	9.002004e-003	-1.90142e-009	1.999890e+000	2.000000e+000	
328	9.002004e-003	1.844613e-009	1.999890e+000	2.000000e+000	
329	9.002006e-003	-1.81896e-009	1.999890e+000	2.000000e+000	
330	9.002008e-003	1.807684e-009	1.999890e+000	2.000000e+000	
331	9.002014e-003	-1.80187e-009	1.999890e+000	2.000000e+000	
332	9.002024e-003	1.799166e-009	1.999890e+000	2.000000e+000	
333	9.002045e-003	-1.79773e-009	1.999890e+000	2.000000e+000	
334	9.002087e-003	1.797064e-009	1.999890e+000	2.000000e+000	
335	9.002170e-003	-1.79670e-009	1.999890e+000	2.000000e+000	
336	9.002337e-003	1.796540e-009	1.999890e+000	2.000000e+000	
337	9.002671e-003	-1.79645e-009	1.999890e+000	2.000000e+000	
338	9.003338e-003	1.796409e-009	1.999890e+000	2.000000e+000	
339	9.004673e-003	-1.79638e-009	1.999890e+000	2.000000e+000	
340	9.007343e-003	1.796376e-009	1.999890e+000	2.000000e+000	
341	9.012683e-003	-1.79637e-009	1.999890e+000	2.000000e+000	
342	9.023362e-003	1.796368e-009	1.999890e+000	2.000000e+000	
343	9.044722e-003	-1.79636e-009	1.999890e+000	2.000000e+000	
344	9.087440e-003	1.796366e-009	1.999890e+000	2.000000e+000	

Index   time            net-_q1-pad2_   net-_q2-pad2_   net-_r2-pad2_   
--------------------------------------------------------------------------------
345	9.172878e-003	-1.79636e-009	1.999890e+000	2.000000e+000	
346	9.343752e-003	1.796365e-009	1.999890e+000	2.000000e+000	
347	9.685501e-003	-1.79636e-009	1.999890e+000	2.000000e+000	
348	1.000000e-002	1.796365e-009	1.999890e+000	2.000000e+000	
349	1.000010e-002	1.999999e-001	1.999890e+000	2.000000e+000	
350	1.000030e-002	5.999999e-001	1.999890e+000	2.000000e+000	
351	1.000049e-002	9.778889e-001	1.999890e+000	2.000000e+000	
352	1.000067e-002	1.337379e+000	1.999890e+000	2.000000e+000	
353	1.000082e-002	1.631423e+000	1.999890e+000	2.000000e+000	
354	1.000098e-002	1.968332e+000	1.999890e+000	2.000000e+000	
355	1.000100e-002	1.999890e+000	1.999890e+000	2.000000e+000	
356	1.000103e-002	1.999890e+000	1.936775e+000	2.000000e+000	
357	1.000109e-002	1.999890e+000	1.810546e+000	2.000000e+000	
358	1.000122e-002	1.999890e+000	1.558089e+000	2.000000e+000	
359	1.000147e-002	1.999890e+000	1.053173e+000	2.000000e+000	
360	1.000166e-002	1.999890e+000	6.736735e-001	2.000000e+000	
361	1.000176e-002	1.999890e+000	4.763883e-001	2.000000e+000	
362	1.000183e-002	1.999890e+000	3.463370e-001	2.000000e+000	
363	1.000188e-002	1.999890e+000	2.427332e-001	2.000000e+000	
364	1.000193e-002	1.999890e+000	1.407855e-001	2.000000e+000	
365	1.000200e-002	1.999890e+000	-1.68630e-006	2.000000e+000	
366	1.000201e-002	1.999890e+000	-5.04826e-008	2.000000e+000	
367	1.000202e-002	1.999890e+000	4.537086e-008	2.000000e+000	
368	1.000203e-002	1.999890e+000	-3.92262e-008	2.000000e+000	
369	1.000203e-002	1.999890e+000	3.382294e-008	2.000000e+000	
370	1.000204e-002	1.999890e+000	-3.02220e-008	2.000000e+000	
371	1.000205e-002	1.999890e+000	2.681376e-008	2.000000e+000	
372	1.000206e-002	1.999890e+000	-2.41682e-008	2.000000e+000	
373	1.000208e-002	1.999890e+000	2.203641e-008	2.000000e+000	
374	1.000209e-002	1.999890e+000	-2.02546e-008	2.000000e+000	
375	1.000210e-002	1.999890e+000	1.885193e-008	2.000000e+000	
376	1.000212e-002	1.999890e+000	-1.77261e-008	2.000000e+000	
377	1.000214e-002	1.999890e+000	1.684705e-008	2.000000e+000	
378	1.000217e-002	1.999890e+000	-1.61787e-008	2.000000e+000	
379	1.000220e-002	1.999890e+000	1.568683e-008	2.000000e+000	
380	1.000225e-002	1.999890e+000	-1.53416e-008	2.000000e+000	
381	1.000232e-002	1.999890e+000	1.511483e-008	2.000000e+000	
382	1.000244e-002	1.999890e+000	-1.49769e-008	2.000000e+000	
383	1.000266e-002	1.999890e+000	1.490179e-008	2.000000e+000	
384	1.000309e-002	1.999890e+000	-1.48643e-008	2.000000e+000	
385	1.000394e-002	1.999890e+000	1.484559e-008	2.000000e+000	
386	1.000566e-002	1.999890e+000	-1.48362e-008	2.000000e+000	
387	1.000909e-002	1.999890e+000	1.483157e-008	2.000000e+000	
388	1.001594e-002	1.999890e+000	-1.48292e-008	2.000000e+000	
389	1.002966e-002	1.999890e+000	1.482806e-008	2.000000e+000	
390	1.005709e-002	1.999890e+000	-1.48275e-008	2.000000e+000	
391	1.011195e-002	1.999890e+000	1.482719e-008	2.000000e+000	
392	1.022167e-002	1.999890e+000	-1.48270e-008	2.000000e+000	
393	1.044112e-002	1.999890e+000	1.482697e-008	2.000000e+000	
394	1.084112e-002	1.999890e+000	-1.48269e-008	2.000000e+000	
395	1.100100e-002	1.999890e+000	1.482683e-008	2.000000e+000	
396	1.100110e-002	1.799910e+000	3.996678e-011	2.000000e+000	
397	1.100130e-002	1.399950e+000	-3.94157e-011	2.000000e+000	
398	1.100143e-002	1.130342e+000	3.998180e-011	2.000000e+000	
399	1.100159e-002	8.129628e-001	-3.57392e-011	2.000000e+000	
400	1.100170e-002	6.065827e-001	1.684648e-010	2.000000e+000	
401	1.100178e-002	4.386539e-001	-1.32323e-010	2.000000e+000	
402	1.100186e-002	2.756074e-001	1.383079e-010	2.000000e+000	

Index   time            net-_q1-pad2_   net-_q2-pad2_   net-_r2-pad2_   
--------------------------------------------------------------------------------
403	1.100196e-002	8.238696e-002	-1.43296e-010	2.000000e+000	
404	1.100200e-002	1.632840e-005	1.548045e-010	2.000000e+000	
405	1.100202e-002	2.231146e-007	-5.97873e-012	2.000000e+000	
406	1.100203e-002	-2.01287e-007	5.435608e-012	2.000000e+000	
407	1.100204e-002	1.807988e-007	-4.90951e-012	2.000000e+000	
408	1.100205e-002	-1.63070e-007	4.460885e-012	2.000000e+000	
409	1.100207e-002	1.525090e-007	-4.17933e-012	2.000000e+000	
410	1.100208e-002	-1.44048e-007	3.963791e-012	2.000000e+000	
411	1.100211e-002	1.386159e-007	-3.81537e-012	2.000000e+000	
412	1.100216e-002	-1.35228e-007	3.730736e-012	2.000000e+000	
413	1.100223e-002	1.332865e-007	-3.67467e-012	2.000000e+000	
414	1.100237e-002	-1.32289e-007	3.652559e-012	2.000000e+000	
415	1.100266e-002	1.318074e-007	-3.63556e-012	2.000000e+000	
416	1.100324e-002	-1.31560e-007	3.633084e-012	2.000000e+000	
417	1.100440e-002	1.314397e-007	-3.62584e-012	2.000000e+000	
418	1.100671e-002	-1.31378e-007	3.628230e-012	2.000000e+000	
419	1.101133e-002	1.313480e-007	-3.62342e-012	2.000000e+000	
420	1.102057e-002	-1.31333e-007	3.627018e-012	2.000000e+000	
421	1.103905e-002	1.313250e-007	-3.62281e-012	2.000000e+000	
422	1.107602e-002	-1.31321e-007	3.626715e-012	2.000000e+000	
423	1.114996e-002	1.313193e-007	-3.62266e-012	2.000000e+000	
424	1.129783e-002	-1.31318e-007	3.626639e-012	2.000000e+000	
425	1.159358e-002	1.313179e-007	-3.62262e-012	2.000000e+000	
426	1.199358e-002	-1.31318e-007	3.626617e-012	2.000000e+000	
427	1.200000e-002	1.312957e-007	-3.62203e-012	2.000000e+000	
428	1.200010e-002	1.999999e-001	1.999999e-001	2.000000e+000	
429	1.200030e-002	5.999999e-001	5.999999e-001	2.000000e+000	
430	1.200049e-002	9.778891e-001	9.778891e-001	2.000000e+000	
431	1.200067e-002	1.337379e+000	1.337379e+000	2.000000e+000	
432	1.200082e-002	1.631437e+000	1.631437e+000	2.000000e+000	
433	1.200098e-002	1.968351e+000	1.968351e+000	2.000000e+000	
434	1.200100e-002	1.999890e+000	1.999890e+000	2.000000e+000	
435	1.200103e-002	1.999890e+000	1.999890e+000	2.000000e+000	
436	1.200109e-002	1.999890e+000	1.999890e+000	2.000000e+000	
437	1.200122e-002	1.999890e+000	1.999890e+000	2.000000e+000	
438	1.200147e-002	1.999890e+000	1.999890e+000	2.000000e+000	
439	1.200184e-002	1.999890e+000	1.999890e+000	2.000000e+000	
440	1.200228e-002	1.999890e+000	1.999890e+000	2.000000e+000	
441	1.200293e-002	1.999890e+000	1.999890e+000	2.000000e+000	
442	1.200401e-002	1.999890e+000	1.999890e+000	2.000000e+000	
443	1.200616e-002	1.999890e+000	1.999890e+000	2.000000e+000	
444	1.201046e-002	1.999890e+000	1.999890e+000	2.000000e+000	
445	1.201907e-002	1.999890e+000	1.999890e+000	2.000000e+000	
446	1.203629e-002	1.999890e+000	1.999890e+000	2.000000e+000	
447	1.207073e-002	1.999890e+000	1.999890e+000	2.000000e+000	
448	1.213960e-002	1.999890e+000	1.999890e+000	2.000000e+000	
449	1.227735e-002	1.999890e+000	1.999890e+000	2.000000e+000	
450	1.255284e-002	1.999890e+000	1.999890e+000	2.000000e+000	
451	1.295284e-002	1.999890e+000	1.999890e+000	2.000000e+000	
452	1.300100e-002	1.999890e+000	1.999890e+000	2.000000e+000	
453	1.300110e-002	1.799910e+000	1.999890e+000	2.000000e+000	
454	1.300130e-002	1.399950e+000	1.999890e+000	2.000000e+000	
455	1.300158e-002	8.421638e-001	1.999890e+000	2.000000e+000	
456	1.300174e-002	5.276979e-001	1.999890e+000	2.000000e+000	
457	1.300187e-002	2.629952e-001	1.999890e+000	2.000000e+000	
458	1.300200e-002	7.033214e-003	1.999890e+000	2.000000e+000	
459	1.300200e-002	-9.40598e-006	1.999890e+000	2.000000e+000	
460	1.300200e-002	-2.44587e-006	1.999890e+000	2.000000e+000	

Index   time            net-_q1-pad2_   net-_q2-pad2_   net-_r2-pad2_   
--------------------------------------------------------------------------------
461	1.300200e-002	4.688059e-007	1.999890e+000	2.000000e+000	
462	1.300200e-002	-3.14510e-008	1.999890e+000	2.000000e+000	
463	1.300200e-002	-1.28520e-008	1.999890e+000	2.000000e+000	
464	1.300200e-002	-1.07963e-008	1.999890e+000	2.000000e+000	
465	1.300200e-002	-2.05681e-009	1.999890e+000	2.000000e+000	
466	1.300200e-002	-3.57093e-009	1.999890e+000	2.000000e+000	
467	1.300200e-002	1.587696e-009	1.999890e+000	2.000000e+000	
468	1.300200e-002	-1.90142e-009	1.999890e+000	2.000000e+000	
469	1.300200e-002	1.844613e-009	1.999890e+000	2.000000e+000	
470	1.300201e-002	-1.81896e-009	1.999890e+000	2.000000e+000	
471	1.300201e-002	1.807684e-009	1.999890e+000	2.000000e+000	
472	1.300201e-002	-1.80187e-009	1.999890e+000	2.000000e+000	
473	1.300202e-002	1.799166e-009	1.999890e+000	2.000000e+000	
474	1.300204e-002	-1.79773e-009	1.999890e+000	2.000000e+000	
475	1.300209e-002	1.797064e-009	1.999890e+000	2.000000e+000	
476	1.300217e-002	-1.79670e-009	1.999890e+000	2.000000e+000	
477	1.300234e-002	1.796540e-009	1.999890e+000	2.000000e+000	
478	1.300267e-002	-1.79645e-009	1.999890e+000	2.000000e+000	
479	1.300334e-002	1.796409e-009	1.999890e+000	2.000000e+000	
480	1.300467e-002	-1.79638e-009	1.999890e+000	2.000000e+000	
481	1.300734e-002	1.796376e-009	1.999890e+000	2.000000e+000	
482	1.301268e-002	-1.79637e-009	1.999890e+000	2.000000e+000	
483	1.302336e-002	1.796368e-009	1.999890e+000	2.000000e+000	
484	1.304472e-002	-1.79636e-009	1.999890e+000	2.000000e+000	
485	1.308744e-002	1.796366e-009	1.999890e+000	2.000000e+000	
486	1.317288e-002	-1.79636e-009	1.999890e+000	2.000000e+000	
487	1.334375e-002	1.796365e-009	1.999890e+000	2.000000e+000	
488	1.368550e-002	-1.79636e-009	1.999890e+000	2.000000e+000	
489	1.400000e-002	1.796365e-009	1.999890e+000	2.000000e+000	
490	1.400010e-002	1.999999e-001	1.999890e+000	2.000000e+000	
491	1.400030e-002	5.999999e-001	1.999890e+000	2.000000e+000	
492	1.400049e-002	9.778889e-001	1.999890e+000	2.000000e+000	
493	1.400067e-002	1.337379e+000	1.999890e+000	2.000000e+000	
494	1.400082e-002	1.631423e+000	1.999890e+000	2.000000e+000	
495	1.400098e-002	1.968332e+000	1.999890e+000	2.000000e+000	
496	1.400100e-002	1.999890e+000	1.999890e+000	2.000000e+000	
497	1.400103e-002	1.999890e+000	1.936775e+000	2.000000e+000	
498	1.400109e-002	1.999890e+000	1.810546e+000	2.000000e+000	
499	1.400122e-002	1.999890e+000	1.558089e+000	2.000000e+000	
500	1.400147e-002	1.999890e+000	1.053173e+000	2.000000e+000	
501	1.400166e-002	1.999890e+000	6.736735e-001	2.000000e+000	
502	1.400176e-002	1.999890e+000	4.763883e-001	2.000000e+000	
503	1.400183e-002	1.999890e+000	3.463370e-001	2.000000e+000	
504	1.400188e-002	1.999890e+000	2.427332e-001	2.000000e+000	
505	1.400193e-002	1.999890e+000	1.407855e-001	2.000000e+000	
506	1.400200e-002	1.999890e+000	-1.68630e-006	2.000000e+000	
507	1.400201e-002	1.999890e+000	-5.04826e-008	2.000000e+000	
508	1.400202e-002	1.999890e+000	4.537086e-008	2.000000e+000	
509	1.400203e-002	1.999890e+000	-3.92262e-008	2.000000e+000	
510	1.400203e-002	1.999890e+000	3.382294e-008	2.000000e+000	
511	1.400204e-002	1.999890e+000	-3.02220e-008	2.000000e+000	
512	1.400205e-002	1.999890e+000	2.681376e-008	2.000000e+000	
513	1.400206e-002	1.999890e+000	-2.41682e-008	2.000000e+000	
514	1.400208e-002	1.999890e+000	2.203641e-008	2.000000e+000	
515	1.400209e-002	1.999890e+000	-2.02546e-008	2.000000e+000	
516	1.400210e-002	1.999890e+000	1.885193e-008	2.000000e+000	
517	1.400212e-002	1.999890e+000	-1.77261e-008	2.000000e+000	
518	1.400214e-002	1.999890e+000	1.684705e-008	2.000000e+000	

Index   time            net-_q1-pad2_   net-_q2-pad2_   net-_r2-pad2_   
--------------------------------------------------------------------------------
519	1.400217e-002	1.999890e+000	-1.61787e-008	2.000000e+000	
520	1.400220e-002	1.999890e+000	1.568683e-008	2.000000e+000	
521	1.400225e-002	1.999890e+000	-1.53416e-008	2.000000e+000	
522	1.400232e-002	1.999890e+000	1.511483e-008	2.000000e+000	
523	1.400244e-002	1.999890e+000	-1.49769e-008	2.000000e+000	
524	1.400266e-002	1.999890e+000	1.490179e-008	2.000000e+000	
525	1.400309e-002	1.999890e+000	-1.48643e-008	2.000000e+000	
526	1.400394e-002	1.999890e+000	1.484559e-008	2.000000e+000	
527	1.400566e-002	1.999890e+000	-1.48362e-008	2.000000e+000	
528	1.400909e-002	1.999890e+000	1.483157e-008	2.000000e+000	
529	1.401594e-002	1.999890e+000	-1.48292e-008	2.000000e+000	
530	1.402966e-002	1.999890e+000	1.482806e-008	2.000000e+000	
531	1.405709e-002	1.999890e+000	-1.48275e-008	2.000000e+000	
532	1.411195e-002	1.999890e+000	1.482719e-008	2.000000e+000	
533	1.422167e-002	1.999890e+000	-1.48270e-008	2.000000e+000	
534	1.444112e-002	1.999890e+000	1.482697e-008	2.000000e+000	
535	1.484112e-002	1.999890e+000	-1.48269e-008	2.000000e+000	
536	1.500100e-002	1.999890e+000	1.482683e-008	2.000000e+000	
537	1.500110e-002	1.799910e+000	3.996678e-011	2.000000e+000	
538	1.500130e-002	1.399950e+000	-3.94157e-011	2.000000e+000	
539	1.500143e-002	1.130342e+000	3.998180e-011	2.000000e+000	
540	1.500159e-002	8.129628e-001	-3.57392e-011	2.000000e+000	
541	1.500170e-002	6.065827e-001	1.684648e-010	2.000000e+000	
542	1.500178e-002	4.386539e-001	-1.32323e-010	2.000000e+000	
543	1.500186e-002	2.756074e-001	1.383079e-010	2.000000e+000	
544	1.500196e-002	8.238696e-002	-1.43296e-010	2.000000e+000	
545	1.500200e-002	1.632840e-005	1.548045e-010	2.000000e+000	
546	1.500202e-002	2.231146e-007	-5.97873e-012	2.000000e+000	
547	1.500203e-002	-2.01287e-007	5.435608e-012	2.000000e+000	
548	1.500204e-002	1.807988e-007	-4.90951e-012	2.000000e+000	
549	1.500205e-002	-1.63070e-007	4.460885e-012	2.000000e+000	
550	1.500207e-002	1.525090e-007	-4.17933e-012	2.000000e+000	
551	1.500208e-002	-1.44048e-007	3.963791e-012	2.000000e+000	
552	1.500211e-002	1.386159e-007	-3.81537e-012	2.000000e+000	
553	1.500216e-002	-1.35228e-007	3.730736e-012	2.000000e+000	
554	1.500223e-002	1.332865e-007	-3.67467e-012	2.000000e+000	
555	1.500237e-002	-1.32289e-007	3.652559e-012	2.000000e+000	
556	1.500266e-002	1.318074e-007	-3.63556e-012	2.000000e+000	
557	1.500324e-002	-1.31560e-007	3.633084e-012	2.000000e+000	
558	1.500440e-002	1.314397e-007	-3.62584e-012	2.000000e+000	
559	1.500671e-002	-1.31378e-007	3.628230e-012	2.000000e+000	
560	1.501133e-002	1.313480e-007	-3.62342e-012	2.000000e+000	
561	1.502057e-002	-1.31333e-007	3.627018e-012	2.000000e+000	
562	1.503905e-002	1.313250e-007	-3.62281e-012	2.000000e+000	
563	1.507602e-002	-1.31321e-007	3.626715e-012	2.000000e+000	
564	1.514996e-002	1.313193e-007	-3.62266e-012	2.000000e+000	
565	1.529783e-002	-1.31318e-007	3.626639e-012	2.000000e+000	
566	1.559358e-002	1.313179e-007	-3.62262e-012	2.000000e+000	
567	1.599358e-002	-1.31318e-007	3.626617e-012	2.000000e+000	
568	1.600000e-002	1.312957e-007	-3.62203e-012	2.000000e+000	
569	1.600010e-002	1.999999e-001	1.999999e-001	2.000000e+000	
570	1.600030e-002	5.999999e-001	5.999999e-001	2.000000e+000	
571	1.600049e-002	9.778891e-001	9.778891e-001	2.000000e+000	
572	1.600067e-002	1.337379e+000	1.337379e+000	2.000000e+000	
573	1.600082e-002	1.631437e+000	1.631437e+000	2.000000e+000	
574	1.600098e-002	1.968351e+000	1.968351e+000	2.000000e+000	
575	1.600100e-002	1.999890e+000	1.999890e+000	2.000000e+000	
576	1.600103e-002	1.999890e+000	1.999890e+000	2.000000e+000	

Index   time            net-_q1-pad2_   net-_q2-pad2_   net-_r2-pad2_   
--------------------------------------------------------------------------------
577	1.600109e-002	1.999890e+000	1.999890e+000	2.000000e+000	
578	1.600122e-002	1.999890e+000	1.999890e+000	2.000000e+000	
579	1.600147e-002	1.999890e+000	1.999890e+000	2.000000e+000	
580	1.600184e-002	1.999890e+000	1.999890e+000	2.000000e+000	
581	1.600228e-002	1.999890e+000	1.999890e+000	2.000000e+000	
582	1.600293e-002	1.999890e+000	1.999890e+000	2.000000e+000	
583	1.600401e-002	1.999890e+000	1.999890e+000	2.000000e+000	
584	1.600616e-002	1.999890e+000	1.999890e+000	2.000000e+000	
585	1.601046e-002	1.999890e+000	1.999890e+000	2.000000e+000	
586	1.601907e-002	1.999890e+000	1.999890e+000	2.000000e+000	
587	1.603629e-002	1.999890e+000	1.999890e+000	2.000000e+000	
588	1.607073e-002	1.999890e+000	1.999890e+000	2.000000e+000	
589	1.613960e-002	1.999890e+000	1.999890e+000	2.000000e+000	
590	1.627735e-002	1.999890e+000	1.999890e+000	2.000000e+000	
591	1.655284e-002	1.999890e+000	1.999890e+000	2.000000e+000	
592	1.695284e-002	1.999890e+000	1.999890e+000	2.000000e+000	
593	1.700100e-002	1.999890e+000	1.999890e+000	2.000000e+000	
594	1.700110e-002	1.799910e+000	1.999890e+000	2.000000e+000	
595	1.700130e-002	1.399950e+000	1.999890e+000	2.000000e+000	
596	1.700158e-002	8.421638e-001	1.999890e+000	2.000000e+000	
597	1.700174e-002	5.276979e-001	1.999890e+000	2.000000e+000	
598	1.700187e-002	2.629952e-001	1.999890e+000	2.000000e+000	
599	1.700200e-002	7.033214e-003	1.999890e+000	2.000000e+000	
600	1.700200e-002	-9.40599e-006	1.999890e+000	2.000000e+000	
601	1.700200e-002	-2.44587e-006	1.999890e+000	2.000000e+000	
602	1.700200e-002	4.688059e-007	1.999890e+000	2.000000e+000	
603	1.700200e-002	-3.14510e-008	1.999890e+000	2.000000e+000	
604	1.700200e-002	-1.28520e-008	1.999890e+000	2.000000e+000	
605	1.700200e-002	-1.07963e-008	1.999890e+000	2.000000e+000	
606	1.700200e-002	-2.05681e-009	1.999890e+000	2.000000e+000	
607	1.700200e-002	-3.57093e-009	1.999890e+000	2.000000e+000	
608	1.700200e-002	1.587696e-009	1.999890e+000	2.000000e+000	
609	1.700200e-002	-1.90142e-009	1.999890e+000	2.000000e+000	
610	1.700200e-002	1.844613e-009	1.999890e+000	2.000000e+000	
611	1.700201e-002	-1.81896e-009	1.999890e+000	2.000000e+000	
612	1.700201e-002	1.807684e-009	1.999890e+000	2.000000e+000	
613	1.700201e-002	-1.80187e-009	1.999890e+000	2.000000e+000	
614	1.700202e-002	1.799166e-009	1.999890e+000	2.000000e+000	
615	1.700204e-002	-1.79773e-009	1.999890e+000	2.000000e+000	
616	1.700209e-002	1.797064e-009	1.999890e+000	2.000000e+000	
617	1.700217e-002	-1.79670e-009	1.999890e+000	2.000000e+000	
618	1.700234e-002	1.796540e-009	1.999890e+000	2.000000e+000	
619	1.700267e-002	-1.79645e-009	1.999890e+000	2.000000e+000	
620	1.700334e-002	1.796409e-009	1.999890e+000	2.000000e+000	
621	1.700467e-002	-1.79638e-009	1.999890e+000	2.000000e+000	
622	1.700734e-002	1.796376e-009	1.999890e+000	2.000000e+000	
623	1.701268e-002	-1.79637e-009	1.999890e+000	2.000000e+000	
624	1.702336e-002	1.796368e-009	1.999890e+000	2.000000e+000	
625	1.704472e-002	-1.79636e-009	1.999890e+000	2.000000e+000	
626	1.708744e-002	1.796366e-009	1.999890e+000	2.000000e+000	
627	1.717288e-002	-1.79636e-009	1.999890e+000	2.000000e+000	
628	1.734375e-002	1.796365e-009	1.999890e+000	2.000000e+000	
629	1.768550e-002	-1.79636e-009	1.999890e+000	2.000000e+000	
630	1.800000e-002	1.796365e-009	1.999890e+000	2.000000e+000	
631	1.800010e-002	1.999999e-001	1.999890e+000	2.000000e+000	
632	1.800030e-002	5.999999e-001	1.999890e+000	2.000000e+000	
633	1.800049e-002	9.778889e-001	1.999890e+000	2.000000e+000	
634	1.800067e-002	1.337379e+000	1.999890e+000	2.000000e+000	

Index   time            net-_q1-pad2_   net-_q2-pad2_   net-_r2-pad2_   
--------------------------------------------------------------------------------
635	1.800082e-002	1.631423e+000	1.999890e+000	2.000000e+000	
636	1.800098e-002	1.968332e+000	1.999890e+000	2.000000e+000	
637	1.800100e-002	1.999890e+000	1.999890e+000	2.000000e+000	
638	1.800103e-002	1.999890e+000	1.936775e+000	2.000000e+000	
639	1.800109e-002	1.999890e+000	1.810546e+000	2.000000e+000	
640	1.800122e-002	1.999890e+000	1.558089e+000	2.000000e+000	
641	1.800147e-002	1.999890e+000	1.053173e+000	2.000000e+000	
642	1.800166e-002	1.999890e+000	6.736735e-001	2.000000e+000	
643	1.800176e-002	1.999890e+000	4.763883e-001	2.000000e+000	
644	1.800183e-002	1.999890e+000	3.463370e-001	2.000000e+000	
645	1.800188e-002	1.999890e+000	2.427332e-001	2.000000e+000	
646	1.800193e-002	1.999890e+000	1.407855e-001	2.000000e+000	
647	1.800200e-002	1.999890e+000	-1.68631e-006	2.000000e+000	
648	1.800201e-002	1.999890e+000	-5.04826e-008	2.000000e+000	
649	1.800202e-002	1.999890e+000	4.537086e-008	2.000000e+000	
650	1.800203e-002	1.999890e+000	-3.92262e-008	2.000000e+000	
651	1.800203e-002	1.999890e+000	3.382294e-008	2.000000e+000	
652	1.800204e-002	1.999890e+000	-3.02220e-008	2.000000e+000	
653	1.800205e-002	1.999890e+000	2.681376e-008	2.000000e+000	
654	1.800206e-002	1.999890e+000	-2.41682e-008	2.000000e+000	
655	1.800208e-002	1.999890e+000	2.203641e-008	2.000000e+000	
656	1.800209e-002	1.999890e+000	-2.02546e-008	2.000000e+000	
657	1.800210e-002	1.999890e+000	1.885193e-008	2.000000e+000	
658	1.800212e-002	1.999890e+000	-1.77261e-008	2.000000e+000	
659	1.800214e-002	1.999890e+000	1.684705e-008	2.000000e+000	
660	1.800217e-002	1.999890e+000	-1.61787e-008	2.000000e+000	
661	1.800220e-002	1.999890e+000	1.568683e-008	2.000000e+000	
662	1.800225e-002	1.999890e+000	-1.53416e-008	2.000000e+000	
663	1.800232e-002	1.999890e+000	1.511483e-008	2.000000e+000	
664	1.800244e-002	1.999890e+000	-1.49769e-008	2.000000e+000	
665	1.800266e-002	1.999890e+000	1.490179e-008	2.000000e+000	
666	1.800309e-002	1.999890e+000	-1.48643e-008	2.000000e+000	
667	1.800394e-002	1.999890e+000	1.484559e-008	2.000000e+000	
668	1.800566e-002	1.999890e+000	-1.48362e-008	2.000000e+000	
669	1.800909e-002	1.999890e+000	1.483157e-008	2.000000e+000	
670	1.801594e-002	1.999890e+000	-1.48292e-008	2.000000e+000	
671	1.802966e-002	1.999890e+000	1.482806e-008	2.000000e+000	
672	1.805709e-002	1.999890e+000	-1.48275e-008	2.000000e+000	
673	1.811195e-002	1.999890e+000	1.482719e-008	2.000000e+000	
674	1.822167e-002	1.999890e+000	-1.48270e-008	2.000000e+000	
675	1.844112e-002	1.999890e+000	1.482697e-008	2.000000e+000	
676	1.884112e-002	1.999890e+000	-1.48269e-008	2.000000e+000	
677	1.900100e-002	1.999890e+000	1.482683e-008	2.000000e+000	
678	1.900110e-002	1.799910e+000	3.996678e-011	2.000000e+000	
679	1.900130e-002	1.399950e+000	-3.94157e-011	2.000000e+000	
680	1.900143e-002	1.130342e+000	3.998180e-011	2.000000e+000	
681	1.900159e-002	8.129628e-001	-3.57392e-011	2.000000e+000	
682	1.900170e-002	6.065827e-001	1.684648e-010	2.000000e+000	
683	1.900178e-002	4.386539e-001	-1.32323e-010	2.000000e+000	
684	1.900186e-002	2.756074e-001	1.383079e-010	2.000000e+000	
685	1.900196e-002	8.238696e-002	-1.43296e-010	2.000000e+000	
686	1.900200e-002	1.632840e-005	1.548045e-010	2.000000e+000	
687	1.900202e-002	2.231146e-007	-5.97873e-012	2.000000e+000	
688	1.900203e-002	-2.01287e-007	5.435608e-012	2.000000e+000	
689	1.900204e-002	1.807988e-007	-4.90951e-012	2.000000e+000	
690	1.900205e-002	-1.63070e-007	4.460885e-012	2.000000e+000	
691	1.900207e-002	1.525090e-007	-4.17933e-012	2.000000e+000	
692	1.900208e-002	-1.44048e-007	3.963791e-012	2.000000e+000	

Index   time            net-_q1-pad2_   net-_q2-pad2_   net-_r2-pad2_   
--------------------------------------------------------------------------------
693	1.900211e-002	1.386159e-007	-3.81537e-012	2.000000e+000	
694	1.900216e-002	-1.35228e-007	3.730736e-012	2.000000e+000	
695	1.900223e-002	1.332865e-007	-3.67467e-012	2.000000e+000	
696	1.900237e-002	-1.32289e-007	3.652559e-012	2.000000e+000	
697	1.900266e-002	1.318074e-007	-3.63556e-012	2.000000e+000	
698	1.900324e-002	-1.31560e-007	3.633084e-012	2.000000e+000	
699	1.900440e-002	1.314397e-007	-3.62584e-012	2.000000e+000	
700	1.900671e-002	-1.31378e-007	3.628230e-012	2.000000e+000	
701	1.901133e-002	1.313480e-007	-3.62342e-012	2.000000e+000	
702	1.902057e-002	-1.31333e-007	3.627018e-012	2.000000e+000	
703	1.903905e-002	1.313250e-007	-3.62281e-012	2.000000e+000	
704	1.907602e-002	-1.31321e-007	3.626715e-012	2.000000e+000	
705	1.914996e-002	1.313193e-007	-3.62266e-012	2.000000e+000	
706	1.929783e-002	-1.31318e-007	3.626639e-012	2.000000e+000	
707	1.959358e-002	1.313179e-007	-3.62262e-012	2.000000e+000	
708	1.999358e-002	-1.31318e-007	3.626617e-012	2.000000e+000	
709	2.000000e-002	1.312957e-007	-3.62203e-012	2.000000e+000	

                   * c:\users\my\desktop\prakash\prakash.cir
                   Transient Analysis  Mon Mar 07 21:31:19  2022
--------------------------------------------------------------------------------
Index   time            vain            vbin            voutput         
--------------------------------------------------------------------------------
0	0.000000e+000	0.000000e+000	0.000000e+000	2.000000e+000	
1	1.000000e-008	2.000000e-002	2.000000e-002	2.000000e+000	
2	2.000000e-008	4.000000e-002	4.000000e-002	2.000000e+000	
3	4.000000e-008	8.000000e-002	8.000000e-002	2.000000e+000	
4	8.000000e-008	1.600000e-001	1.600000e-001	2.000000e+000	
5	1.600000e-007	3.200000e-001	3.200000e-001	2.000000e+000	
6	3.200000e-007	6.400000e-001	6.400000e-001	1.999998e+000	
7	4.714643e-007	9.429287e-001	9.429287e-001	1.998941e+000	
8	6.156330e-007	1.231266e+000	1.231266e+000	1.997406e+000	
9	7.750643e-007	1.550129e+000	1.550129e+000	1.996331e+000	
10	9.277305e-007	1.855461e+000	1.855461e+000	1.996262e+000	
11	1.000000e-006	2.000000e+000	2.000000e+000	1.996242e+000	
12	1.019238e-006	2.000000e+000	2.000000e+000	1.996239e+000	
13	1.057715e-006	2.000000e+000	2.000000e+000	1.996232e+000	
14	1.134668e-006	2.000000e+000	2.000000e+000	1.996222e+000	
15	1.288574e-006	2.000000e+000	2.000000e+000	1.996212e+000	
16	1.596386e-006	2.000000e+000	2.000000e+000	1.996204e+000	
17	1.980466e-006	2.000000e+000	2.000000e+000	1.996202e+000	
18	2.477201e-006	2.000000e+000	2.000000e+000	1.996201e+000	
19	3.214797e-006	2.000000e+000	2.000000e+000	1.996201e+000	
20	4.619556e-006	2.000000e+000	2.000000e+000	1.996201e+000	
21	7.429075e-006	2.000000e+000	2.000000e+000	1.996201e+000	
22	1.304811e-005	2.000000e+000	2.000000e+000	1.996201e+000	
23	2.428619e-005	2.000000e+000	2.000000e+000	1.996201e+000	
24	4.676234e-005	2.000000e+000	2.000000e+000	1.996201e+000	
25	9.171465e-005	2.000000e+000	2.000000e+000	1.996201e+000	
26	1.816193e-004	2.000000e+000	2.000000e+000	1.996201e+000	
27	3.614285e-004	2.000000e+000	2.000000e+000	1.996201e+000	
28	7.210469e-004	2.000000e+000	2.000000e+000	1.996201e+000	
29	1.001000e-003	2.000000e+000	2.000000e+000	1.996201e+000	
30	1.001100e-003	1.800000e+000	2.000000e+000	1.996203e+000	
31	1.001300e-003	1.400000e+000	2.000000e+000	1.996210e+000	
32	1.001579e-003	8.425634e-001	2.000000e+000	1.996266e+000	
33	1.001736e-003	5.280455e-001	2.000000e+000	1.998127e+000	
34	1.001868e-003	2.634133e-001	2.000000e+000	1.998070e+000	
35	1.001996e-003	7.497614e-003	2.000000e+000	1.998128e+000	
36	1.002000e-003	0.000000e+000	2.000000e+000	1.998069e+000	
37	1.002001e-003	0.000000e+000	2.000000e+000	1.998099e+000	
38	1.002002e-003	0.000000e+000	2.000000e+000	1.998099e+000	
39	1.002002e-003	0.000000e+000	2.000000e+000	1.998099e+000	
40	1.002003e-003	0.000000e+000	2.000000e+000	1.998099e+000	
41	1.002003e-003	0.000000e+000	2.000000e+000	1.998099e+000	
42	1.002003e-003	0.000000e+000	2.000000e+000	1.998099e+000	
43	1.002003e-003	0.000000e+000	2.000000e+000	1.998099e+000	
44	1.002004e-003	0.000000e+000	2.000000e+000	1.998099e+000	
45	1.002004e-003	0.000000e+000	2.000000e+000	1.998099e+000	
46	1.002006e-003	0.000000e+000	2.000000e+000	1.998099e+000	
47	1.002008e-003	0.000000e+000	2.000000e+000	1.998099e+000	
48	1.002012e-003	0.000000e+000	2.000000e+000	1.998099e+000	
49	1.002020e-003	0.000000e+000	2.000000e+000	1.998099e+000	
50	1.002037e-003	0.000000e+000	2.000000e+000	1.998099e+000	
51	1.002070e-003	0.000000e+000	2.000000e+000	1.998099e+000	
52	1.002137e-003	0.000000e+000	2.000000e+000	1.998099e+000	
53	1.002270e-003	0.000000e+000	2.000000e+000	1.998099e+000	
54	1.002537e-003	0.000000e+000	2.000000e+000	1.998099e+000	

Index   time            vain            vbin            voutput         
--------------------------------------------------------------------------------
55	1.003071e-003	0.000000e+000	2.000000e+000	1.998099e+000	
56	1.004139e-003	0.000000e+000	2.000000e+000	1.998099e+000	
57	1.006275e-003	0.000000e+000	2.000000e+000	1.998099e+000	
58	1.010546e-003	0.000000e+000	2.000000e+000	1.998099e+000	
59	1.019089e-003	0.000000e+000	2.000000e+000	1.998099e+000	
60	1.036174e-003	0.000000e+000	2.000000e+000	1.998099e+000	
61	1.070345e-003	0.000000e+000	2.000000e+000	1.998099e+000	
62	1.138687e-003	0.000000e+000	2.000000e+000	1.998099e+000	
63	1.275370e-003	0.000000e+000	2.000000e+000	1.998099e+000	
64	1.548736e-003	0.000000e+000	2.000000e+000	1.998099e+000	
65	1.948736e-003	0.000000e+000	2.000000e+000	1.998099e+000	
66	2.000000e-003	0.000000e+000	2.000000e+000	1.998099e+000	
67	2.000100e-003	2.000000e-001	2.000000e+000	1.998099e+000	
68	2.000300e-003	6.000000e-001	2.000000e+000	1.998099e+000	
69	2.000489e-003	9.779023e-001	2.000000e+000	1.997448e+000	
70	2.000669e-003	1.337424e+000	2.000000e+000	1.996529e+000	
71	2.000816e-003	1.631497e+000	2.000000e+000	1.996254e+000	
72	2.000984e-003	1.968440e+000	2.000000e+000	1.996224e+000	
73	2.001000e-003	2.000000e+000	2.000000e+000	1.996222e+000	
74	2.001032e-003	2.000000e+000	1.936879e+000	1.996219e+000	
75	2.001095e-003	2.000000e+000	1.810638e+000	1.996215e+000	
76	2.001221e-003	2.000000e+000	1.558154e+000	1.996213e+000	
77	2.001473e-003	2.000000e+000	1.053188e+000	1.996230e+000	
78	2.001663e-003	2.000000e+000	6.736521e-001	1.996914e+000	
79	2.001762e-003	2.000000e+000	4.763899e-001	1.998117e+000	
80	2.001827e-003	2.000000e+000	3.463368e-001	1.998082e+000	
81	2.001879e-003	2.000000e+000	2.427391e-001	1.998116e+000	
82	2.001930e-003	2.000000e+000	1.407902e-001	1.998082e+000	
83	2.002000e-003	2.000000e+000	0.000000e+000	1.998116e+000	
84	2.002010e-003	2.000000e+000	0.000000e+000	1.998099e+000	
85	2.002020e-003	2.000000e+000	0.000000e+000	1.998099e+000	
86	2.002028e-003	2.000000e+000	0.000000e+000	1.998099e+000	
87	2.002035e-003	2.000000e+000	0.000000e+000	1.998099e+000	
88	2.002044e-003	2.000000e+000	0.000000e+000	1.998099e+000	
89	2.002053e-003	2.000000e+000	0.000000e+000	1.998099e+000	
90	2.002064e-003	2.000000e+000	0.000000e+000	1.998099e+000	
91	2.002076e-003	2.000000e+000	0.000000e+000	1.998099e+000	
92	2.002088e-003	2.000000e+000	0.000000e+000	1.998099e+000	
93	2.002103e-003	2.000000e+000	0.000000e+000	1.998099e+000	
94	2.002121e-003	2.000000e+000	0.000000e+000	1.998099e+000	
95	2.002142e-003	2.000000e+000	0.000000e+000	1.998099e+000	
96	2.002169e-003	2.000000e+000	0.000000e+000	1.998099e+000	
97	2.002204e-003	2.000000e+000	0.000000e+000	1.998099e+000	
98	2.002252e-003	2.000000e+000	0.000000e+000	1.998099e+000	
99	2.002325e-003	2.000000e+000	0.000000e+000	1.998099e+000	
100	2.002443e-003	2.000000e+000	0.000000e+000	1.998099e+000	
101	2.002657e-003	2.000000e+000	0.000000e+000	1.998099e+000	
102	2.003086e-003	2.000000e+000	0.000000e+000	1.998099e+000	
103	2.003944e-003	2.000000e+000	0.000000e+000	1.998099e+000	
104	2.005661e-003	2.000000e+000	0.000000e+000	1.998099e+000	
105	2.009093e-003	2.000000e+000	0.000000e+000	1.998099e+000	
106	2.015959e-003	2.000000e+000	0.000000e+000	1.998099e+000	
107	2.029689e-003	2.000000e+000	0.000000e+000	1.998099e+000	
108	2.057150e-003	2.000000e+000	0.000000e+000	1.998099e+000	
109	2.112072e-003	2.000000e+000	0.000000e+000	1.998099e+000	
110	2.221917e-003	2.000000e+000	0.000000e+000	1.998099e+000	
111	2.441606e-003	2.000000e+000	0.000000e+000	1.998099e+000	
112	2.841606e-003	2.000000e+000	0.000000e+000	1.998099e+000	

Index   time            vain            vbin            voutput         
--------------------------------------------------------------------------------
113	3.001000e-003	2.000000e+000	0.000000e+000	1.998099e+000	
114	3.001100e-003	1.800000e+000	0.000000e+000	1.998100e+000	
115	3.001300e-003	1.400000e+000	0.000000e+000	1.998107e+000	
116	3.001435e-003	1.130366e+000	0.000000e+000	1.998120e+000	
117	3.001594e-003	8.129858e-001	0.000000e+000	1.998187e+000	
118	3.001697e-003	6.065893e-001	0.000000e+000	1.999660e+000	
119	3.001781e-003	4.386951e-001	0.000000e+000	1.999966e+000	
120	3.001862e-003	2.756094e-001	0.000000e+000	2.000034e+000	
121	3.001959e-003	8.239358e-002	0.000000e+000	1.999966e+000	
122	3.002000e-003	0.000000e+000	0.000000e+000	2.000034e+000	
123	3.002019e-003	0.000000e+000	0.000000e+000	2.000000e+000	
124	3.002030e-003	0.000000e+000	0.000000e+000	2.000000e+000	
125	3.002040e-003	0.000000e+000	0.000000e+000	2.000000e+000	
126	3.002050e-003	0.000000e+000	0.000000e+000	2.000000e+000	
127	3.002066e-003	0.000000e+000	0.000000e+000	2.000000e+000	
128	3.002085e-003	0.000000e+000	0.000000e+000	2.000000e+000	
129	3.002112e-003	0.000000e+000	0.000000e+000	2.000000e+000	
130	3.002156e-003	0.000000e+000	0.000000e+000	2.000000e+000	
131	3.002229e-003	0.000000e+000	0.000000e+000	2.000000e+000	
132	3.002374e-003	0.000000e+000	0.000000e+000	2.000000e+000	
133	3.002663e-003	0.000000e+000	0.000000e+000	2.000000e+000	
134	3.003240e-003	0.000000e+000	0.000000e+000	2.000000e+000	
135	3.004396e-003	0.000000e+000	0.000000e+000	2.000000e+000	
136	3.006706e-003	0.000000e+000	0.000000e+000	2.000000e+000	
137	3.011328e-003	0.000000e+000	0.000000e+000	2.000000e+000	
138	3.020571e-003	0.000000e+000	0.000000e+000	2.000000e+000	
139	3.039057e-003	0.000000e+000	0.000000e+000	2.000000e+000	
140	3.076029e-003	0.000000e+000	0.000000e+000	2.000000e+000	
141	3.149972e-003	0.000000e+000	0.000000e+000	2.000000e+000	
142	3.297860e-003	0.000000e+000	0.000000e+000	2.000000e+000	
143	3.593635e-003	0.000000e+000	0.000000e+000	2.000000e+000	
144	3.993635e-003	0.000000e+000	0.000000e+000	2.000000e+000	
145	4.000000e-003	0.000000e+000	0.000000e+000	2.000000e+000	
146	4.000100e-003	2.000000e-001	2.000000e-001	2.000000e+000	
147	4.000300e-003	6.000000e-001	6.000000e-001	2.000000e+000	
148	4.000489e-003	9.779025e-001	9.779025e-001	1.998697e+000	
149	4.000669e-003	1.337424e+000	1.337424e+000	1.996858e+000	
150	4.000816e-003	1.631510e+000	1.631510e+000	1.996307e+000	
151	4.000984e-003	1.968458e+000	1.968458e+000	1.996246e+000	
152	4.001000e-003	2.000000e+000	2.000000e+000	1.996243e+000	
153	4.001032e-003	2.000000e+000	2.000000e+000	1.996237e+000	
154	4.001095e-003	2.000000e+000	2.000000e+000	1.996227e+000	
155	4.001221e-003	2.000000e+000	2.000000e+000	1.996216e+000	
156	4.001473e-003	2.000000e+000	2.000000e+000	1.996206e+000	
157	4.001844e-003	2.000000e+000	2.000000e+000	1.996202e+000	
158	4.002284e-003	2.000000e+000	2.000000e+000	1.996201e+000	
159	4.002930e-003	2.000000e+000	2.000000e+000	1.996201e+000	
160	4.004006e-003	2.000000e+000	2.000000e+000	1.996201e+000	
161	4.006159e-003	2.000000e+000	2.000000e+000	1.996201e+000	
162	4.010463e-003	2.000000e+000	2.000000e+000	1.996201e+000	
163	4.019072e-003	2.000000e+000	2.000000e+000	1.996201e+000	
164	4.036291e-003	2.000000e+000	2.000000e+000	1.996201e+000	
165	4.070728e-003	2.000000e+000	2.000000e+000	1.996201e+000	
166	4.139602e-003	2.000000e+000	2.000000e+000	1.996201e+000	
167	4.277349e-003	2.000000e+000	2.000000e+000	1.996201e+000	
168	4.552844e-003	2.000000e+000	2.000000e+000	1.996201e+000	
169	4.952844e-003	2.000000e+000	2.000000e+000	1.996201e+000	
170	5.001000e-003	2.000000e+000	2.000000e+000	1.996201e+000	

Index   time            vain            vbin            voutput         
--------------------------------------------------------------------------------
171	5.001100e-003	1.800000e+000	2.000000e+000	1.996203e+000	
172	5.001300e-003	1.400000e+000	2.000000e+000	1.996210e+000	
173	5.001579e-003	8.421589e-001	2.000000e+000	1.996266e+000	
174	5.001736e-003	5.276849e-001	2.000000e+000	1.998127e+000	
175	5.001868e-003	2.630080e-001	2.000000e+000	1.998069e+000	
176	5.001996e-003	7.020450e-003	2.000000e+000	1.998128e+000	
177	5.002000e-003	0.000000e+000	2.000000e+000	1.998069e+000	
178	5.002001e-003	0.000000e+000	2.000000e+000	1.998099e+000	
179	5.002001e-003	0.000000e+000	2.000000e+000	1.998099e+000	
180	5.002002e-003	0.000000e+000	2.000000e+000	1.998099e+000	
181	5.002002e-003	0.000000e+000	2.000000e+000	1.998099e+000	
182	5.002002e-003	0.000000e+000	2.000000e+000	1.998099e+000	
183	5.002003e-003	0.000000e+000	2.000000e+000	1.998099e+000	
184	5.002003e-003	0.000000e+000	2.000000e+000	1.998099e+000	
185	5.002003e-003	0.000000e+000	2.000000e+000	1.998099e+000	
186	5.002004e-003	0.000000e+000	2.000000e+000	1.998099e+000	
187	5.002004e-003	0.000000e+000	2.000000e+000	1.998099e+000	
188	5.002006e-003	0.000000e+000	2.000000e+000	1.998099e+000	
189	5.002008e-003	0.000000e+000	2.000000e+000	1.998099e+000	
190	5.002014e-003	0.000000e+000	2.000000e+000	1.998099e+000	
191	5.002024e-003	0.000000e+000	2.000000e+000	1.998099e+000	
192	5.002045e-003	0.000000e+000	2.000000e+000	1.998099e+000	
193	5.002087e-003	0.000000e+000	2.000000e+000	1.998099e+000	
194	5.002170e-003	0.000000e+000	2.000000e+000	1.998099e+000	
195	5.002337e-003	0.000000e+000	2.000000e+000	1.998099e+000	
196	5.002671e-003	0.000000e+000	2.000000e+000	1.998099e+000	
197	5.003338e-003	0.000000e+000	2.000000e+000	1.998099e+000	
198	5.004673e-003	0.000000e+000	2.000000e+000	1.998099e+000	
199	5.007343e-003	0.000000e+000	2.000000e+000	1.998099e+000	
200	5.012683e-003	0.000000e+000	2.000000e+000	1.998099e+000	
201	5.023362e-003	0.000000e+000	2.000000e+000	1.998099e+000	
202	5.044722e-003	0.000000e+000	2.000000e+000	1.998099e+000	
203	5.087440e-003	0.000000e+000	2.000000e+000	1.998099e+000	
204	5.172878e-003	0.000000e+000	2.000000e+000	1.998099e+000	
205	5.343752e-003	0.000000e+000	2.000000e+000	1.998099e+000	
206	5.685501e-003	0.000000e+000	2.000000e+000	1.998099e+000	
207	6.000000e-003	0.000000e+000	2.000000e+000	1.998099e+000	
208	6.000100e-003	2.000000e-001	2.000000e+000	1.998099e+000	
209	6.000300e-003	6.000000e-001	2.000000e+000	1.998099e+000	
210	6.000489e-003	9.779023e-001	2.000000e+000	1.997448e+000	
211	6.000669e-003	1.337424e+000	2.000000e+000	1.996529e+000	
212	6.000816e-003	1.631497e+000	2.000000e+000	1.996254e+000	
213	6.000984e-003	1.968440e+000	2.000000e+000	1.996224e+000	
214	6.001000e-003	2.000000e+000	2.000000e+000	1.996222e+000	
215	6.001032e-003	2.000000e+000	1.936879e+000	1.996219e+000	
216	6.001095e-003	2.000000e+000	1.810638e+000	1.996215e+000	
217	6.001221e-003	2.000000e+000	1.558155e+000	1.996213e+000	
218	6.001473e-003	2.000000e+000	1.053189e+000	1.996230e+000	
219	6.001663e-003	2.000000e+000	6.736537e-001	1.996914e+000	
220	6.001762e-003	2.000000e+000	4.763902e-001	1.998117e+000	
221	6.001827e-003	2.000000e+000	3.463351e-001	1.998082e+000	
222	6.001879e-003	2.000000e+000	2.427350e-001	1.998116e+000	
223	6.001930e-003	2.000000e+000	1.407836e-001	1.998082e+000	
224	6.002000e-003	2.000000e+000	6.030731e-013	1.998116e+000	
225	6.002010e-003	2.000000e+000	0.000000e+000	1.998099e+000	
226	6.002020e-003	2.000000e+000	0.000000e+000	1.998099e+000	
227	6.002028e-003	2.000000e+000	0.000000e+000	1.998099e+000	
228	6.002035e-003	2.000000e+000	0.000000e+000	1.998099e+000	

Index   time            vain            vbin            voutput         
--------------------------------------------------------------------------------
229	6.002044e-003	2.000000e+000	0.000000e+000	1.998099e+000	
230	6.002053e-003	2.000000e+000	0.000000e+000	1.998099e+000	
231	6.002064e-003	2.000000e+000	0.000000e+000	1.998099e+000	
232	6.002076e-003	2.000000e+000	0.000000e+000	1.998099e+000	
233	6.002088e-003	2.000000e+000	0.000000e+000	1.998099e+000	
234	6.002103e-003	2.000000e+000	0.000000e+000	1.998099e+000	
235	6.002121e-003	2.000000e+000	0.000000e+000	1.998099e+000	
236	6.002142e-003	2.000000e+000	0.000000e+000	1.998099e+000	
237	6.002169e-003	2.000000e+000	0.000000e+000	1.998099e+000	
238	6.002204e-003	2.000000e+000	0.000000e+000	1.998099e+000	
239	6.002252e-003	2.000000e+000	0.000000e+000	1.998099e+000	
240	6.002325e-003	2.000000e+000	0.000000e+000	1.998099e+000	
241	6.002442e-003	2.000000e+000	0.000000e+000	1.998099e+000	
242	6.002657e-003	2.000000e+000	0.000000e+000	1.998099e+000	
243	6.003085e-003	2.000000e+000	0.000000e+000	1.998099e+000	
244	6.003943e-003	2.000000e+000	0.000000e+000	1.998099e+000	
245	6.005657e-003	2.000000e+000	0.000000e+000	1.998099e+000	
246	6.009086e-003	2.000000e+000	0.000000e+000	1.998099e+000	
247	6.015943e-003	2.000000e+000	0.000000e+000	1.998099e+000	
248	6.029659e-003	2.000000e+000	0.000000e+000	1.998099e+000	
249	6.057090e-003	2.000000e+000	0.000000e+000	1.998099e+000	
250	6.111951e-003	2.000000e+000	0.000000e+000	1.998099e+000	
251	6.221675e-003	2.000000e+000	0.000000e+000	1.998099e+000	
252	6.441121e-003	2.000000e+000	0.000000e+000	1.998099e+000	
253	6.841121e-003	2.000000e+000	0.000000e+000	1.998099e+000	
254	7.001000e-003	2.000000e+000	0.000000e+000	1.998099e+000	
255	7.001100e-003	1.800000e+000	0.000000e+000	1.998100e+000	
256	7.001300e-003	1.400000e+000	0.000000e+000	1.998107e+000	
257	7.001435e-003	1.130365e+000	0.000000e+000	1.998120e+000	
258	7.001594e-003	8.129550e-001	0.000000e+000	1.998187e+000	
259	7.001697e-003	6.065613e-001	0.000000e+000	1.999660e+000	
260	7.001781e-003	4.386710e-001	0.000000e+000	1.999966e+000	
261	7.001862e-003	2.755904e-001	0.000000e+000	2.000034e+000	
262	7.001959e-003	8.240360e-002	0.000000e+000	1.999966e+000	
263	7.002000e-003	0.000000e+000	0.000000e+000	2.000034e+000	
264	7.002019e-003	0.000000e+000	0.000000e+000	2.000000e+000	
265	7.002030e-003	0.000000e+000	0.000000e+000	2.000000e+000	
266	7.002040e-003	0.000000e+000	0.000000e+000	2.000000e+000	
267	7.002050e-003	0.000000e+000	0.000000e+000	2.000000e+000	
268	7.002066e-003	0.000000e+000	0.000000e+000	2.000000e+000	
269	7.002085e-003	0.000000e+000	0.000000e+000	2.000000e+000	
270	7.002112e-003	0.000000e+000	0.000000e+000	2.000000e+000	
271	7.002156e-003	0.000000e+000	0.000000e+000	2.000000e+000	
272	7.002229e-003	0.000000e+000	0.000000e+000	2.000000e+000	
273	7.002374e-003	0.000000e+000	0.000000e+000	2.000000e+000	
274	7.002663e-003	0.000000e+000	0.000000e+000	2.000000e+000	
275	7.003240e-003	0.000000e+000	0.000000e+000	2.000000e+000	
276	7.004395e-003	0.000000e+000	0.000000e+000	2.000000e+000	
277	7.006706e-003	0.000000e+000	0.000000e+000	2.000000e+000	
278	7.011327e-003	0.000000e+000	0.000000e+000	2.000000e+000	
279	7.020569e-003	0.000000e+000	0.000000e+000	2.000000e+000	
280	7.039053e-003	0.000000e+000	0.000000e+000	2.000000e+000	
281	7.076021e-003	0.000000e+000	0.000000e+000	2.000000e+000	
282	7.149958e-003	0.000000e+000	0.000000e+000	2.000000e+000	
283	7.297831e-003	0.000000e+000	0.000000e+000	2.000000e+000	
284	7.593577e-003	0.000000e+000	0.000000e+000	2.000000e+000	
285	7.993577e-003	0.000000e+000	0.000000e+000	2.000000e+000	
286	8.000000e-003	0.000000e+000	0.000000e+000	2.000000e+000	

Index   time            vain            vbin            voutput         
--------------------------------------------------------------------------------
287	8.000100e-003	2.000000e-001	2.000000e-001	2.000000e+000	
288	8.000300e-003	6.000000e-001	6.000000e-001	2.000000e+000	
289	8.000489e-003	9.779025e-001	9.779025e-001	1.998697e+000	
290	8.000669e-003	1.337424e+000	1.337424e+000	1.996858e+000	
291	8.000816e-003	1.631510e+000	1.631510e+000	1.996307e+000	
292	8.000984e-003	1.968458e+000	1.968458e+000	1.996246e+000	
293	8.001000e-003	2.000000e+000	2.000000e+000	1.996243e+000	
294	8.001032e-003	2.000000e+000	2.000000e+000	1.996237e+000	
295	8.001095e-003	2.000000e+000	2.000000e+000	1.996227e+000	
296	8.001221e-003	2.000000e+000	2.000000e+000	1.996216e+000	
297	8.001473e-003	2.000000e+000	2.000000e+000	1.996206e+000	
298	8.001844e-003	2.000000e+000	2.000000e+000	1.996202e+000	
299	8.002284e-003	2.000000e+000	2.000000e+000	1.996201e+000	
300	8.002930e-003	2.000000e+000	2.000000e+000	1.996201e+000	
301	8.004006e-003	2.000000e+000	2.000000e+000	1.996201e+000	
302	8.006159e-003	2.000000e+000	2.000000e+000	1.996201e+000	
303	8.010463e-003	2.000000e+000	2.000000e+000	1.996201e+000	
304	8.019072e-003	2.000000e+000	2.000000e+000	1.996201e+000	
305	8.036291e-003	2.000000e+000	2.000000e+000	1.996201e+000	
306	8.070728e-003	2.000000e+000	2.000000e+000	1.996201e+000	
307	8.139602e-003	2.000000e+000	2.000000e+000	1.996201e+000	
308	8.277349e-003	2.000000e+000	2.000000e+000	1.996201e+000	
309	8.552844e-003	2.000000e+000	2.000000e+000	1.996201e+000	
310	8.952844e-003	2.000000e+000	2.000000e+000	1.996201e+000	
311	9.001000e-003	2.000000e+000	2.000000e+000	1.996201e+000	
312	9.001100e-003	1.800000e+000	2.000000e+000	1.996203e+000	
313	9.001300e-003	1.400000e+000	2.000000e+000	1.996210e+000	
314	9.001579e-003	8.421589e-001	2.000000e+000	1.996266e+000	
315	9.001736e-003	5.276849e-001	2.000000e+000	1.998127e+000	
316	9.001868e-003	2.630080e-001	2.000000e+000	1.998069e+000	
317	9.001996e-003	7.020450e-003	2.000000e+000	1.998128e+000	
318	9.002000e-003	1.470379e-012	2.000000e+000	1.998069e+000	
319	9.002001e-003	0.000000e+000	2.000000e+000	1.998099e+000	
320	9.002001e-003	0.000000e+000	2.000000e+000	1.998099e+000	
321	9.002002e-003	0.000000e+000	2.000000e+000	1.998099e+000	
322	9.002002e-003	0.000000e+000	2.000000e+000	1.998099e+000	
323	9.002002e-003	0.000000e+000	2.000000e+000	1.998099e+000	
324	9.002003e-003	0.000000e+000	2.000000e+000	1.998099e+000	
325	9.002003e-003	0.000000e+000	2.000000e+000	1.998099e+000	
326	9.002003e-003	0.000000e+000	2.000000e+000	1.998099e+000	
327	9.002004e-003	0.000000e+000	2.000000e+000	1.998099e+000	
328	9.002004e-003	0.000000e+000	2.000000e+000	1.998099e+000	
329	9.002006e-003	0.000000e+000	2.000000e+000	1.998099e+000	
330	9.002008e-003	0.000000e+000	2.000000e+000	1.998099e+000	
331	9.002014e-003	0.000000e+000	2.000000e+000	1.998099e+000	
332	9.002024e-003	0.000000e+000	2.000000e+000	1.998099e+000	
333	9.002045e-003	0.000000e+000	2.000000e+000	1.998099e+000	
334	9.002087e-003	0.000000e+000	2.000000e+000	1.998099e+000	
335	9.002170e-003	0.000000e+000	2.000000e+000	1.998099e+000	
336	9.002337e-003	0.000000e+000	2.000000e+000	1.998099e+000	
337	9.002671e-003	0.000000e+000	2.000000e+000	1.998099e+000	
338	9.003338e-003	0.000000e+000	2.000000e+000	1.998099e+000	
339	9.004673e-003	0.000000e+000	2.000000e+000	1.998099e+000	
340	9.007343e-003	0.000000e+000	2.000000e+000	1.998099e+000	
341	9.012683e-003	0.000000e+000	2.000000e+000	1.998099e+000	
342	9.023362e-003	0.000000e+000	2.000000e+000	1.998099e+000	
343	9.044722e-003	0.000000e+000	2.000000e+000	1.998099e+000	
344	9.087440e-003	0.000000e+000	2.000000e+000	1.998099e+000	

Index   time            vain            vbin            voutput         
--------------------------------------------------------------------------------
345	9.172878e-003	0.000000e+000	2.000000e+000	1.998099e+000	
346	9.343752e-003	0.000000e+000	2.000000e+000	1.998099e+000	
347	9.685501e-003	0.000000e+000	2.000000e+000	1.998099e+000	
348	1.000000e-002	0.000000e+000	2.000000e+000	1.998099e+000	
349	1.000010e-002	2.000000e-001	2.000000e+000	1.998099e+000	
350	1.000030e-002	6.000000e-001	2.000000e+000	1.998099e+000	
351	1.000049e-002	9.779023e-001	2.000000e+000	1.997448e+000	
352	1.000067e-002	1.337424e+000	2.000000e+000	1.996529e+000	
353	1.000082e-002	1.631497e+000	2.000000e+000	1.996254e+000	
354	1.000098e-002	1.968440e+000	2.000000e+000	1.996224e+000	
355	1.000100e-002	2.000000e+000	2.000000e+000	1.996222e+000	
356	1.000103e-002	2.000000e+000	1.936879e+000	1.996219e+000	
357	1.000109e-002	2.000000e+000	1.810638e+000	1.996215e+000	
358	1.000122e-002	2.000000e+000	1.558155e+000	1.996213e+000	
359	1.000147e-002	2.000000e+000	1.053189e+000	1.996230e+000	
360	1.000166e-002	2.000000e+000	6.736537e-001	1.996914e+000	
361	1.000176e-002	2.000000e+000	4.763902e-001	1.998117e+000	
362	1.000183e-002	2.000000e+000	3.463351e-001	1.998082e+000	
363	1.000188e-002	2.000000e+000	2.427350e-001	1.998116e+000	
364	1.000193e-002	2.000000e+000	1.407836e-001	1.998082e+000	
365	1.000200e-002	2.000000e+000	4.072520e-012	1.998116e+000	
366	1.000201e-002	2.000000e+000	0.000000e+000	1.998099e+000	
367	1.000202e-002	2.000000e+000	0.000000e+000	1.998099e+000	
368	1.000203e-002	2.000000e+000	0.000000e+000	1.998099e+000	
369	1.000203e-002	2.000000e+000	0.000000e+000	1.998099e+000	
370	1.000204e-002	2.000000e+000	0.000000e+000	1.998099e+000	
371	1.000205e-002	2.000000e+000	0.000000e+000	1.998099e+000	
372	1.000206e-002	2.000000e+000	0.000000e+000	1.998099e+000	
373	1.000208e-002	2.000000e+000	0.000000e+000	1.998099e+000	
374	1.000209e-002	2.000000e+000	0.000000e+000	1.998099e+000	
375	1.000210e-002	2.000000e+000	0.000000e+000	1.998099e+000	
376	1.000212e-002	2.000000e+000	0.000000e+000	1.998099e+000	
377	1.000214e-002	2.000000e+000	0.000000e+000	1.998099e+000	
378	1.000217e-002	2.000000e+000	0.000000e+000	1.998099e+000	
379	1.000220e-002	2.000000e+000	0.000000e+000	1.998099e+000	
380	1.000225e-002	2.000000e+000	0.000000e+000	1.998099e+000	
381	1.000232e-002	2.000000e+000	0.000000e+000	1.998099e+000	
382	1.000244e-002	2.000000e+000	0.000000e+000	1.998099e+000	
383	1.000266e-002	2.000000e+000	0.000000e+000	1.998099e+000	
384	1.000309e-002	2.000000e+000	0.000000e+000	1.998099e+000	
385	1.000394e-002	2.000000e+000	0.000000e+000	1.998099e+000	
386	1.000566e-002	2.000000e+000	0.000000e+000	1.998099e+000	
387	1.000909e-002	2.000000e+000	0.000000e+000	1.998099e+000	
388	1.001594e-002	2.000000e+000	0.000000e+000	1.998099e+000	
389	1.002966e-002	2.000000e+000	0.000000e+000	1.998099e+000	
390	1.005709e-002	2.000000e+000	0.000000e+000	1.998099e+000	
391	1.011195e-002	2.000000e+000	0.000000e+000	1.998099e+000	
392	1.022167e-002	2.000000e+000	0.000000e+000	1.998099e+000	
393	1.044112e-002	2.000000e+000	0.000000e+000	1.998099e+000	
394	1.084112e-002	2.000000e+000	0.000000e+000	1.998099e+000	
395	1.100100e-002	2.000000e+000	0.000000e+000	1.998099e+000	
396	1.100110e-002	1.800000e+000	0.000000e+000	1.998100e+000	
397	1.100130e-002	1.400000e+000	0.000000e+000	1.998107e+000	
398	1.100143e-002	1.130365e+000	0.000000e+000	1.998120e+000	
399	1.100159e-002	8.129550e-001	0.000000e+000	1.998187e+000	
400	1.100170e-002	6.065613e-001	0.000000e+000	1.999660e+000	
401	1.100178e-002	4.386710e-001	0.000000e+000	1.999966e+000	
402	1.100186e-002	2.755904e-001	0.000000e+000	2.000034e+000	

Index   time            vain            vbin            voutput         
--------------------------------------------------------------------------------
403	1.100196e-002	8.240360e-002	0.000000e+000	1.999966e+000	
404	1.100200e-002	1.470379e-012	0.000000e+000	2.000034e+000	
405	1.100202e-002	0.000000e+000	0.000000e+000	2.000000e+000	
406	1.100203e-002	0.000000e+000	0.000000e+000	2.000000e+000	
407	1.100204e-002	0.000000e+000	0.000000e+000	2.000000e+000	
408	1.100205e-002	0.000000e+000	0.000000e+000	2.000000e+000	
409	1.100207e-002	0.000000e+000	0.000000e+000	2.000000e+000	
410	1.100208e-002	0.000000e+000	0.000000e+000	2.000000e+000	
411	1.100211e-002	0.000000e+000	0.000000e+000	2.000000e+000	
412	1.100216e-002	0.000000e+000	0.000000e+000	2.000000e+000	
413	1.100223e-002	0.000000e+000	0.000000e+000	2.000000e+000	
414	1.100237e-002	0.000000e+000	0.000000e+000	2.000000e+000	
415	1.100266e-002	0.000000e+000	0.000000e+000	2.000000e+000	
416	1.100324e-002	0.000000e+000	0.000000e+000	2.000000e+000	
417	1.100440e-002	0.000000e+000	0.000000e+000	2.000000e+000	
418	1.100671e-002	0.000000e+000	0.000000e+000	2.000000e+000	
419	1.101133e-002	0.000000e+000	0.000000e+000	2.000000e+000	
420	1.102057e-002	0.000000e+000	0.000000e+000	2.000000e+000	
421	1.103905e-002	0.000000e+000	0.000000e+000	2.000000e+000	
422	1.107602e-002	0.000000e+000	0.000000e+000	2.000000e+000	
423	1.114996e-002	0.000000e+000	0.000000e+000	2.000000e+000	
424	1.129783e-002	0.000000e+000	0.000000e+000	2.000000e+000	
425	1.159358e-002	0.000000e+000	0.000000e+000	2.000000e+000	
426	1.199358e-002	0.000000e+000	0.000000e+000	2.000000e+000	
427	1.200000e-002	0.000000e+000	0.000000e+000	2.000000e+000	
428	1.200010e-002	2.000000e-001	2.000000e-001	2.000000e+000	
429	1.200030e-002	6.000000e-001	6.000000e-001	2.000000e+000	
430	1.200049e-002	9.779025e-001	9.779025e-001	1.998697e+000	
431	1.200067e-002	1.337424e+000	1.337424e+000	1.996858e+000	
432	1.200082e-002	1.631510e+000	1.631510e+000	1.996307e+000	
433	1.200098e-002	1.968458e+000	1.968458e+000	1.996246e+000	
434	1.200100e-002	2.000000e+000	2.000000e+000	1.996243e+000	
435	1.200103e-002	2.000000e+000	2.000000e+000	1.996237e+000	
436	1.200109e-002	2.000000e+000	2.000000e+000	1.996227e+000	
437	1.200122e-002	2.000000e+000	2.000000e+000	1.996216e+000	
438	1.200147e-002	2.000000e+000	2.000000e+000	1.996206e+000	
439	1.200184e-002	2.000000e+000	2.000000e+000	1.996202e+000	
440	1.200228e-002	2.000000e+000	2.000000e+000	1.996201e+000	
441	1.200293e-002	2.000000e+000	2.000000e+000	1.996201e+000	
442	1.200401e-002	2.000000e+000	2.000000e+000	1.996201e+000	
443	1.200616e-002	2.000000e+000	2.000000e+000	1.996201e+000	
444	1.201046e-002	2.000000e+000	2.000000e+000	1.996201e+000	
445	1.201907e-002	2.000000e+000	2.000000e+000	1.996201e+000	
446	1.203629e-002	2.000000e+000	2.000000e+000	1.996201e+000	
447	1.207073e-002	2.000000e+000	2.000000e+000	1.996201e+000	
448	1.213960e-002	2.000000e+000	2.000000e+000	1.996201e+000	
449	1.227735e-002	2.000000e+000	2.000000e+000	1.996201e+000	
450	1.255284e-002	2.000000e+000	2.000000e+000	1.996201e+000	
451	1.295284e-002	2.000000e+000	2.000000e+000	1.996201e+000	
452	1.300100e-002	2.000000e+000	2.000000e+000	1.996201e+000	
453	1.300110e-002	1.800000e+000	2.000000e+000	1.996203e+000	
454	1.300130e-002	1.400000e+000	2.000000e+000	1.996210e+000	
455	1.300158e-002	8.421589e-001	2.000000e+000	1.996266e+000	
456	1.300174e-002	5.276849e-001	2.000000e+000	1.998127e+000	
457	1.300187e-002	2.630080e-001	2.000000e+000	1.998069e+000	
458	1.300200e-002	7.020450e-003	2.000000e+000	1.998128e+000	
459	1.300200e-002	1.470379e-012	2.000000e+000	1.998069e+000	
460	1.300200e-002	0.000000e+000	2.000000e+000	1.998099e+000	

Index   time            vain            vbin            voutput         
--------------------------------------------------------------------------------
461	1.300200e-002	0.000000e+000	2.000000e+000	1.998099e+000	
462	1.300200e-002	0.000000e+000	2.000000e+000	1.998099e+000	
463	1.300200e-002	0.000000e+000	2.000000e+000	1.998099e+000	
464	1.300200e-002	0.000000e+000	2.000000e+000	1.998099e+000	
465	1.300200e-002	0.000000e+000	2.000000e+000	1.998099e+000	
466	1.300200e-002	0.000000e+000	2.000000e+000	1.998099e+000	
467	1.300200e-002	0.000000e+000	2.000000e+000	1.998099e+000	
468	1.300200e-002	0.000000e+000	2.000000e+000	1.998099e+000	
469	1.300200e-002	0.000000e+000	2.000000e+000	1.998099e+000	
470	1.300201e-002	0.000000e+000	2.000000e+000	1.998099e+000	
471	1.300201e-002	0.000000e+000	2.000000e+000	1.998099e+000	
472	1.300201e-002	0.000000e+000	2.000000e+000	1.998099e+000	
473	1.300202e-002	0.000000e+000	2.000000e+000	1.998099e+000	
474	1.300204e-002	0.000000e+000	2.000000e+000	1.998099e+000	
475	1.300209e-002	0.000000e+000	2.000000e+000	1.998099e+000	
476	1.300217e-002	0.000000e+000	2.000000e+000	1.998099e+000	
477	1.300234e-002	0.000000e+000	2.000000e+000	1.998099e+000	
478	1.300267e-002	0.000000e+000	2.000000e+000	1.998099e+000	
479	1.300334e-002	0.000000e+000	2.000000e+000	1.998099e+000	
480	1.300467e-002	0.000000e+000	2.000000e+000	1.998099e+000	
481	1.300734e-002	0.000000e+000	2.000000e+000	1.998099e+000	
482	1.301268e-002	0.000000e+000	2.000000e+000	1.998099e+000	
483	1.302336e-002	0.000000e+000	2.000000e+000	1.998099e+000	
484	1.304472e-002	0.000000e+000	2.000000e+000	1.998099e+000	
485	1.308744e-002	0.000000e+000	2.000000e+000	1.998099e+000	
486	1.317288e-002	0.000000e+000	2.000000e+000	1.998099e+000	
487	1.334375e-002	0.000000e+000	2.000000e+000	1.998099e+000	
488	1.368550e-002	0.000000e+000	2.000000e+000	1.998099e+000	
489	1.400000e-002	0.000000e+000	2.000000e+000	1.998099e+000	
490	1.400010e-002	2.000000e-001	2.000000e+000	1.998099e+000	
491	1.400030e-002	6.000000e-001	2.000000e+000	1.998099e+000	
492	1.400049e-002	9.779023e-001	2.000000e+000	1.997448e+000	
493	1.400067e-002	1.337424e+000	2.000000e+000	1.996529e+000	
494	1.400082e-002	1.631497e+000	2.000000e+000	1.996254e+000	
495	1.400098e-002	1.968440e+000	2.000000e+000	1.996224e+000	
496	1.400100e-002	2.000000e+000	2.000000e+000	1.996222e+000	
497	1.400103e-002	2.000000e+000	1.936879e+000	1.996219e+000	
498	1.400109e-002	2.000000e+000	1.810638e+000	1.996215e+000	
499	1.400122e-002	2.000000e+000	1.558155e+000	1.996213e+000	
500	1.400147e-002	2.000000e+000	1.053189e+000	1.996230e+000	
501	1.400166e-002	2.000000e+000	6.736537e-001	1.996914e+000	
502	1.400176e-002	2.000000e+000	4.763902e-001	1.998117e+000	
503	1.400183e-002	2.000000e+000	3.463351e-001	1.998082e+000	
504	1.400188e-002	2.000000e+000	2.427350e-001	1.998116e+000	
505	1.400193e-002	2.000000e+000	1.407836e-001	1.998082e+000	
506	1.400200e-002	2.000000e+000	4.072520e-012	1.998116e+000	
507	1.400201e-002	2.000000e+000	0.000000e+000	1.998099e+000	
508	1.400202e-002	2.000000e+000	0.000000e+000	1.998099e+000	
509	1.400203e-002	2.000000e+000	0.000000e+000	1.998099e+000	
510	1.400203e-002	2.000000e+000	0.000000e+000	1.998099e+000	
511	1.400204e-002	2.000000e+000	0.000000e+000	1.998099e+000	
512	1.400205e-002	2.000000e+000	0.000000e+000	1.998099e+000	
513	1.400206e-002	2.000000e+000	0.000000e+000	1.998099e+000	
514	1.400208e-002	2.000000e+000	0.000000e+000	1.998099e+000	
515	1.400209e-002	2.000000e+000	0.000000e+000	1.998099e+000	
516	1.400210e-002	2.000000e+000	0.000000e+000	1.998099e+000	
517	1.400212e-002	2.000000e+000	0.000000e+000	1.998099e+000	
518	1.400214e-002	2.000000e+000	0.000000e+000	1.998099e+000	

Index   time            vain            vbin            voutput         
--------------------------------------------------------------------------------
519	1.400217e-002	2.000000e+000	0.000000e+000	1.998099e+000	
520	1.400220e-002	2.000000e+000	0.000000e+000	1.998099e+000	
521	1.400225e-002	2.000000e+000	0.000000e+000	1.998099e+000	
522	1.400232e-002	2.000000e+000	0.000000e+000	1.998099e+000	
523	1.400244e-002	2.000000e+000	0.000000e+000	1.998099e+000	
524	1.400266e-002	2.000000e+000	0.000000e+000	1.998099e+000	
525	1.400309e-002	2.000000e+000	0.000000e+000	1.998099e+000	
526	1.400394e-002	2.000000e+000	0.000000e+000	1.998099e+000	
527	1.400566e-002	2.000000e+000	0.000000e+000	1.998099e+000	
528	1.400909e-002	2.000000e+000	0.000000e+000	1.998099e+000	
529	1.401594e-002	2.000000e+000	0.000000e+000	1.998099e+000	
530	1.402966e-002	2.000000e+000	0.000000e+000	1.998099e+000	
531	1.405709e-002	2.000000e+000	0.000000e+000	1.998099e+000	
532	1.411195e-002	2.000000e+000	0.000000e+000	1.998099e+000	
533	1.422167e-002	2.000000e+000	0.000000e+000	1.998099e+000	
534	1.444112e-002	2.000000e+000	0.000000e+000	1.998099e+000	
535	1.484112e-002	2.000000e+000	0.000000e+000	1.998099e+000	
536	1.500100e-002	2.000000e+000	0.000000e+000	1.998099e+000	
537	1.500110e-002	1.800000e+000	0.000000e+000	1.998100e+000	
538	1.500130e-002	1.400000e+000	0.000000e+000	1.998107e+000	
539	1.500143e-002	1.130365e+000	0.000000e+000	1.998120e+000	
540	1.500159e-002	8.129550e-001	0.000000e+000	1.998187e+000	
541	1.500170e-002	6.065613e-001	0.000000e+000	1.999660e+000	
542	1.500178e-002	4.386710e-001	0.000000e+000	1.999966e+000	
543	1.500186e-002	2.755904e-001	0.000000e+000	2.000034e+000	
544	1.500196e-002	8.240360e-002	0.000000e+000	1.999966e+000	
545	1.500200e-002	1.470379e-012	0.000000e+000	2.000034e+000	
546	1.500202e-002	0.000000e+000	0.000000e+000	2.000000e+000	
547	1.500203e-002	0.000000e+000	0.000000e+000	2.000000e+000	
548	1.500204e-002	0.000000e+000	0.000000e+000	2.000000e+000	
549	1.500205e-002	0.000000e+000	0.000000e+000	2.000000e+000	
550	1.500207e-002	0.000000e+000	0.000000e+000	2.000000e+000	
551	1.500208e-002	0.000000e+000	0.000000e+000	2.000000e+000	
552	1.500211e-002	0.000000e+000	0.000000e+000	2.000000e+000	
553	1.500216e-002	0.000000e+000	0.000000e+000	2.000000e+000	
554	1.500223e-002	0.000000e+000	0.000000e+000	2.000000e+000	
555	1.500237e-002	0.000000e+000	0.000000e+000	2.000000e+000	
556	1.500266e-002	0.000000e+000	0.000000e+000	2.000000e+000	
557	1.500324e-002	0.000000e+000	0.000000e+000	2.000000e+000	
558	1.500440e-002	0.000000e+000	0.000000e+000	2.000000e+000	
559	1.500671e-002	0.000000e+000	0.000000e+000	2.000000e+000	
560	1.501133e-002	0.000000e+000	0.000000e+000	2.000000e+000	
561	1.502057e-002	0.000000e+000	0.000000e+000	2.000000e+000	
562	1.503905e-002	0.000000e+000	0.000000e+000	2.000000e+000	
563	1.507602e-002	0.000000e+000	0.000000e+000	2.000000e+000	
564	1.514996e-002	0.000000e+000	0.000000e+000	2.000000e+000	
565	1.529783e-002	0.000000e+000	0.000000e+000	2.000000e+000	
566	1.559358e-002	0.000000e+000	0.000000e+000	2.000000e+000	
567	1.599358e-002	0.000000e+000	0.000000e+000	2.000000e+000	
568	1.600000e-002	0.000000e+000	0.000000e+000	2.000000e+000	
569	1.600010e-002	2.000000e-001	2.000000e-001	2.000000e+000	
570	1.600030e-002	6.000000e-001	6.000000e-001	2.000000e+000	
571	1.600049e-002	9.779025e-001	9.779025e-001	1.998697e+000	
572	1.600067e-002	1.337424e+000	1.337424e+000	1.996858e+000	
573	1.600082e-002	1.631510e+000	1.631510e+000	1.996307e+000	
574	1.600098e-002	1.968458e+000	1.968458e+000	1.996246e+000	
575	1.600100e-002	2.000000e+000	2.000000e+000	1.996243e+000	
576	1.600103e-002	2.000000e+000	2.000000e+000	1.996237e+000	

Index   time            vain            vbin            voutput         
--------------------------------------------------------------------------------
577	1.600109e-002	2.000000e+000	2.000000e+000	1.996227e+000	
578	1.600122e-002	2.000000e+000	2.000000e+000	1.996216e+000	
579	1.600147e-002	2.000000e+000	2.000000e+000	1.996206e+000	
580	1.600184e-002	2.000000e+000	2.000000e+000	1.996202e+000	
581	1.600228e-002	2.000000e+000	2.000000e+000	1.996201e+000	
582	1.600293e-002	2.000000e+000	2.000000e+000	1.996201e+000	
583	1.600401e-002	2.000000e+000	2.000000e+000	1.996201e+000	
584	1.600616e-002	2.000000e+000	2.000000e+000	1.996201e+000	
585	1.601046e-002	2.000000e+000	2.000000e+000	1.996201e+000	
586	1.601907e-002	2.000000e+000	2.000000e+000	1.996201e+000	
587	1.603629e-002	2.000000e+000	2.000000e+000	1.996201e+000	
588	1.607073e-002	2.000000e+000	2.000000e+000	1.996201e+000	
589	1.613960e-002	2.000000e+000	2.000000e+000	1.996201e+000	
590	1.627735e-002	2.000000e+000	2.000000e+000	1.996201e+000	
591	1.655284e-002	2.000000e+000	2.000000e+000	1.996201e+000	
592	1.695284e-002	2.000000e+000	2.000000e+000	1.996201e+000	
593	1.700100e-002	2.000000e+000	2.000000e+000	1.996201e+000	
594	1.700110e-002	1.800000e+000	2.000000e+000	1.996203e+000	
595	1.700130e-002	1.400000e+000	2.000000e+000	1.996210e+000	
596	1.700158e-002	8.421589e-001	2.000000e+000	1.996266e+000	
597	1.700174e-002	5.276849e-001	2.000000e+000	1.998127e+000	
598	1.700187e-002	2.630080e-001	2.000000e+000	1.998069e+000	
599	1.700200e-002	7.020450e-003	2.000000e+000	1.998128e+000	
600	1.700200e-002	0.000000e+000	2.000000e+000	1.998069e+000	
601	1.700200e-002	0.000000e+000	2.000000e+000	1.998099e+000	
602	1.700200e-002	0.000000e+000	2.000000e+000	1.998099e+000	
603	1.700200e-002	0.000000e+000	2.000000e+000	1.998099e+000	
604	1.700200e-002	0.000000e+000	2.000000e+000	1.998099e+000	
605	1.700200e-002	0.000000e+000	2.000000e+000	1.998099e+000	
606	1.700200e-002	0.000000e+000	2.000000e+000	1.998099e+000	
607	1.700200e-002	0.000000e+000	2.000000e+000	1.998099e+000	
608	1.700200e-002	0.000000e+000	2.000000e+000	1.998099e+000	
609	1.700200e-002	0.000000e+000	2.000000e+000	1.998099e+000	
610	1.700200e-002	0.000000e+000	2.000000e+000	1.998099e+000	
611	1.700201e-002	0.000000e+000	2.000000e+000	1.998099e+000	
612	1.700201e-002	0.000000e+000	2.000000e+000	1.998099e+000	
613	1.700201e-002	0.000000e+000	2.000000e+000	1.998099e+000	
614	1.700202e-002	0.000000e+000	2.000000e+000	1.998099e+000	
615	1.700204e-002	0.000000e+000	2.000000e+000	1.998099e+000	
616	1.700209e-002	0.000000e+000	2.000000e+000	1.998099e+000	
617	1.700217e-002	0.000000e+000	2.000000e+000	1.998099e+000	
618	1.700234e-002	0.000000e+000	2.000000e+000	1.998099e+000	
619	1.700267e-002	0.000000e+000	2.000000e+000	1.998099e+000	
620	1.700334e-002	0.000000e+000	2.000000e+000	1.998099e+000	
621	1.700467e-002	0.000000e+000	2.000000e+000	1.998099e+000	
622	1.700734e-002	0.000000e+000	2.000000e+000	1.998099e+000	
623	1.701268e-002	0.000000e+000	2.000000e+000	1.998099e+000	
624	1.702336e-002	0.000000e+000	2.000000e+000	1.998099e+000	
625	1.704472e-002	0.000000e+000	2.000000e+000	1.998099e+000	
626	1.708744e-002	0.000000e+000	2.000000e+000	1.998099e+000	
627	1.717288e-002	0.000000e+000	2.000000e+000	1.998099e+000	
628	1.734375e-002	0.000000e+000	2.000000e+000	1.998099e+000	
629	1.768550e-002	0.000000e+000	2.000000e+000	1.998099e+000	
630	1.800000e-002	0.000000e+000	2.000000e+000	1.998099e+000	
631	1.800010e-002	2.000000e-001	2.000000e+000	1.998099e+000	
632	1.800030e-002	6.000000e-001	2.000000e+000	1.998099e+000	
633	1.800049e-002	9.779023e-001	2.000000e+000	1.997448e+000	
634	1.800067e-002	1.337424e+000	2.000000e+000	1.996529e+000	

Index   time            vain            vbin            voutput         
--------------------------------------------------------------------------------
635	1.800082e-002	1.631497e+000	2.000000e+000	1.996254e+000	
636	1.800098e-002	1.968440e+000	2.000000e+000	1.996224e+000	
637	1.800100e-002	2.000000e+000	2.000000e+000	1.996222e+000	
638	1.800103e-002	2.000000e+000	1.936879e+000	1.996219e+000	
639	1.800109e-002	2.000000e+000	1.810638e+000	1.996215e+000	
640	1.800122e-002	2.000000e+000	1.558155e+000	1.996213e+000	
641	1.800147e-002	2.000000e+000	1.053189e+000	1.996230e+000	
642	1.800166e-002	2.000000e+000	6.736537e-001	1.996914e+000	
643	1.800176e-002	2.000000e+000	4.763902e-001	1.998117e+000	
644	1.800183e-002	2.000000e+000	3.463351e-001	1.998082e+000	
645	1.800188e-002	2.000000e+000	2.427350e-001	1.998116e+000	
646	1.800193e-002	2.000000e+000	1.407836e-001	1.998082e+000	
647	1.800200e-002	2.000000e+000	0.000000e+000	1.998116e+000	
648	1.800201e-002	2.000000e+000	0.000000e+000	1.998099e+000	
649	1.800202e-002	2.000000e+000	0.000000e+000	1.998099e+000	
650	1.800203e-002	2.000000e+000	0.000000e+000	1.998099e+000	
651	1.800203e-002	2.000000e+000	0.000000e+000	1.998099e+000	
652	1.800204e-002	2.000000e+000	0.000000e+000	1.998099e+000	
653	1.800205e-002	2.000000e+000	0.000000e+000	1.998099e+000	
654	1.800206e-002	2.000000e+000	0.000000e+000	1.998099e+000	
655	1.800208e-002	2.000000e+000	0.000000e+000	1.998099e+000	
656	1.800209e-002	2.000000e+000	0.000000e+000	1.998099e+000	
657	1.800210e-002	2.000000e+000	0.000000e+000	1.998099e+000	
658	1.800212e-002	2.000000e+000	0.000000e+000	1.998099e+000	
659	1.800214e-002	2.000000e+000	0.000000e+000	1.998099e+000	
660	1.800217e-002	2.000000e+000	0.000000e+000	1.998099e+000	
661	1.800220e-002	2.000000e+000	0.000000e+000	1.998099e+000	
662	1.800225e-002	2.000000e+000	0.000000e+000	1.998099e+000	
663	1.800232e-002	2.000000e+000	0.000000e+000	1.998099e+000	
664	1.800244e-002	2.000000e+000	0.000000e+000	1.998099e+000	
665	1.800266e-002	2.000000e+000	0.000000e+000	1.998099e+000	
666	1.800309e-002	2.000000e+000	0.000000e+000	1.998099e+000	
667	1.800394e-002	2.000000e+000	0.000000e+000	1.998099e+000	
668	1.800566e-002	2.000000e+000	0.000000e+000	1.998099e+000	
669	1.800909e-002	2.000000e+000	0.000000e+000	1.998099e+000	
670	1.801594e-002	2.000000e+000	0.000000e+000	1.998099e+000	
671	1.802966e-002	2.000000e+000	0.000000e+000	1.998099e+000	
672	1.805709e-002	2.000000e+000	0.000000e+000	1.998099e+000	
673	1.811195e-002	2.000000e+000	0.000000e+000	1.998099e+000	
674	1.822167e-002	2.000000e+000	0.000000e+000	1.998099e+000	
675	1.844112e-002	2.000000e+000	0.000000e+000	1.998099e+000	
676	1.884112e-002	2.000000e+000	0.000000e+000	1.998099e+000	
677	1.900100e-002	2.000000e+000	0.000000e+000	1.998099e+000	
678	1.900110e-002	1.800000e+000	0.000000e+000	1.998100e+000	
679	1.900130e-002	1.400000e+000	0.000000e+000	1.998107e+000	
680	1.900143e-002	1.130365e+000	0.000000e+000	1.998120e+000	
681	1.900159e-002	8.129550e-001	0.000000e+000	1.998187e+000	
682	1.900170e-002	6.065613e-001	0.000000e+000	1.999660e+000	
683	1.900178e-002	4.386710e-001	0.000000e+000	1.999966e+000	
684	1.900186e-002	2.755904e-001	0.000000e+000	2.000034e+000	
685	1.900196e-002	8.240360e-002	0.000000e+000	1.999966e+000	
686	1.900200e-002	0.000000e+000	0.000000e+000	2.000034e+000	
687	1.900202e-002	0.000000e+000	0.000000e+000	2.000000e+000	
688	1.900203e-002	0.000000e+000	0.000000e+000	2.000000e+000	
689	1.900204e-002	0.000000e+000	0.000000e+000	2.000000e+000	
690	1.900205e-002	0.000000e+000	0.000000e+000	2.000000e+000	
691	1.900207e-002	0.000000e+000	0.000000e+000	2.000000e+000	
692	1.900208e-002	0.000000e+000	0.000000e+000	2.000000e+000	

Index   time            vain            vbin            voutput         
--------------------------------------------------------------------------------
693	1.900211e-002	0.000000e+000	0.000000e+000	2.000000e+000	
694	1.900216e-002	0.000000e+000	0.000000e+000	2.000000e+000	
695	1.900223e-002	0.000000e+000	0.000000e+000	2.000000e+000	
696	1.900237e-002	0.000000e+000	0.000000e+000	2.000000e+000	
697	1.900266e-002	0.000000e+000	0.000000e+000	2.000000e+000	
698	1.900324e-002	0.000000e+000	0.000000e+000	2.000000e+000	
699	1.900440e-002	0.000000e+000	0.000000e+000	2.000000e+000	
700	1.900671e-002	0.000000e+000	0.000000e+000	2.000000e+000	
701	1.901133e-002	0.000000e+000	0.000000e+000	2.000000e+000	
702	1.902057e-002	0.000000e+000	0.000000e+000	2.000000e+000	
703	1.903905e-002	0.000000e+000	0.000000e+000	2.000000e+000	
704	1.907602e-002	0.000000e+000	0.000000e+000	2.000000e+000	
705	1.914996e-002	0.000000e+000	0.000000e+000	2.000000e+000	
706	1.929783e-002	0.000000e+000	0.000000e+000	2.000000e+000	
707	1.959358e-002	0.000000e+000	0.000000e+000	2.000000e+000	
708	1.999358e-002	0.000000e+000	0.000000e+000	2.000000e+000	
709	2.000000e-002	0.000000e+000	0.000000e+000	2.000000e+000	
