                   * c:\users\my\desktop\prakash\prakash.cir
                   Transient Analysis  Mon Mar 07 21:31:19  2022
--------------------------------------------------------------------------------
Index   time            v1#branch       v2#branch       v3#branch       
--------------------------------------------------------------------------------
0	0.000000e+000	2.002354e-012	-7.95808e-012	2.002354e-012	
1	1.000000e-008	-5.22196e-005	1.827324e-005	-5.22196e-005	
2	2.000000e-008	-5.40504e-005	1.880090e-005	-5.40504e-005	
3	4.000000e-008	-5.56269e-005	1.896378e-005	-5.56269e-005	
4	8.000000e-008	-5.74065e-005	1.909998e-005	-5.74065e-005	
5	1.600000e-007	-6.38783e-005	1.956402e-005	-6.38783e-005	
6	3.200000e-007	-9.07054e-005	-1.54705e-003	-9.07054e-005	
7	4.714643e-007	-1.08102e-002	-1.05852e+000	-1.08102e-002	
8	6.156330e-007	-3.55566e-002	-2.59386e+000	-3.55566e-002	
9	7.750643e-007	-6.56882e-002	-3.66870e+000	-6.56882e-002	
10	9.277305e-007	-9.60115e-002	-3.73819e+000	-9.60115e-002	
11	1.000000e-006	-1.10406e-001	-3.75750e+000	-1.10406e-001	
12	1.019238e-006	-1.10389e-001	-3.76143e+000	-1.10389e-001	
13	1.057715e-006	-1.10371e-001	-3.76827e+000	-1.10371e-001	
14	1.134668e-006	-1.10348e-001	-3.77792e+000	-1.10348e-001	
15	1.288574e-006	-1.10317e-001	-3.78832e+000	-1.10317e-001	
16	1.596386e-006	-1.10294e-001	-3.79597e+000	-1.10294e-001	
17	1.980466e-006	-1.10285e-001	-3.79816e+000	-1.10285e-001	
18	2.477201e-006	-1.10285e-001	-3.79866e+000	-1.10285e-001	
19	3.214797e-006	-1.10284e-001	-3.79867e+000	-1.10284e-001	
20	4.619556e-006	-1.10285e-001	-3.79859e+000	-1.10285e-001	
21	7.429075e-006	-1.10284e-001	-3.79861e+000	-1.10284e-001	
22	1.304811e-005	-1.10285e-001	-3.79860e+000	-1.10285e-001	
23	2.428619e-005	-1.10284e-001	-3.79861e+000	-1.10284e-001	
24	4.676234e-005	-1.10285e-001	-3.79860e+000	-1.10285e-001	
25	9.171465e-005	-1.10284e-001	-3.79861e+000	-1.10284e-001	
26	1.816193e-004	-1.10285e-001	-3.79861e+000	-1.10285e-001	
27	3.614285e-004	-1.10284e-001	-3.79861e+000	-1.10284e-001	
28	7.210469e-004	-1.10285e-001	-3.79861e+000	-1.10285e-001	
29	1.001000e-003	-1.10284e-001	-3.79861e+000	-1.10284e-001	
30	1.001100e-003	-9.03416e-002	-3.79724e+000	-1.10284e-001	
31	1.001300e-003	-5.04848e-002	-3.79015e+000	-1.10284e-001	
32	1.001579e-003	4.899664e-003	-3.73378e+000	-1.10284e-001	
33	1.001736e-003	1.314397e-002	-1.87339e+000	-1.10280e-001	
34	1.001868e-003	-1.28706e-002	-1.93047e+000	-1.10280e-001	
35	1.001996e-003	1.287431e-002	-1.87181e+000	-1.10280e-001	
36	1.002000e-003	-9.66928e-003	-1.93090e+000	-1.10280e-001	
37	1.002001e-003	-2.21284e-003	-1.90088e+000	-1.10280e-001	
38	1.002002e-003	4.112334e-004	-1.90107e+000	-1.10280e-001	
39	1.002002e-003	-7.45139e-005	-1.90126e+000	-1.10280e-001	
40	1.002003e-003	-3.11921e-005	-1.90101e+000	-1.10280e-001	
41	1.002003e-003	-1.77426e-005	-1.90125e+000	-1.10280e-001	
42	1.002003e-003	-4.89709e-006	-1.90103e+000	-1.10280e-001	
43	1.002003e-003	-3.87393e-006	-1.90124e+000	-1.10280e-001	
44	1.002004e-003	1.772454e-006	-1.90104e+000	-1.10280e-001	
45	1.002004e-003	-1.70777e-006	-1.90123e+000	-1.10280e-001	
46	1.002006e-003	1.685332e-006	-1.90104e+000	-1.10280e-001	
47	1.002008e-003	-1.67245e-006	-1.90123e+000	-1.10280e-001	
48	1.002012e-003	1.666413e-006	-1.90104e+000	-1.10280e-001	
49	1.002020e-003	-1.66323e-006	-1.90123e+000	-1.10280e-001	
50	1.002037e-003	1.661733e-006	-1.90104e+000	-1.10280e-001	
51	1.002070e-003	-1.66094e-006	-1.90123e+000	-1.10280e-001	
52	1.002137e-003	1.660565e-006	-1.90104e+000	-1.10280e-001	
53	1.002270e-003	-1.66036e-006	-1.90123e+000	-1.10280e-001	
54	1.002537e-003	1.660274e-006	-1.90104e+000	-1.10280e-001	

Index   time            v1#branch       v2#branch       v3#branch       
--------------------------------------------------------------------------------
55	1.003071e-003	-1.66022e-006	-1.90122e+000	-1.10280e-001	
56	1.004139e-003	1.660201e-006	-1.90104e+000	-1.10280e-001	
57	1.006275e-003	-1.66018e-006	-1.90122e+000	-1.10280e-001	
58	1.010546e-003	1.660183e-006	-1.90104e+000	-1.10280e-001	
59	1.019089e-003	-1.66018e-006	-1.90122e+000	-1.10280e-001	
60	1.036174e-003	1.660178e-006	-1.90104e+000	-1.10280e-001	
61	1.070345e-003	-1.66017e-006	-1.90122e+000	-1.10280e-001	
62	1.138687e-003	1.660177e-006	-1.90104e+000	-1.10280e-001	
63	1.275370e-003	-1.66017e-006	-1.90122e+000	-1.10280e-001	
64	1.548736e-003	1.660177e-006	-1.90104e+000	-1.10280e-001	
65	1.948736e-003	-1.66017e-006	-1.90122e+000	-1.10280e-001	
66	2.000000e-003	1.660176e-006	-1.90104e+000	-1.10280e-001	
67	2.000100e-003	-5.58878e-005	-1.90112e+000	-1.10280e-001	
68	2.000300e-003	-8.35146e-005	-1.90129e+000	-1.10280e-001	
69	2.000489e-003	-1.33999e-002	-2.55203e+000	-1.10282e-001	
70	2.000669e-003	-4.52450e-002	-3.47053e+000	-1.10284e-001	
71	2.000816e-003	-7.37478e-002	-3.74563e+000	-1.10284e-001	
72	2.000984e-003	-1.07269e-001	-3.77608e+000	-1.10284e-001	
73	2.001000e-003	-1.10394e-001	-3.77776e+000	-1.10284e-001	
74	2.001032e-003	-1.10383e-001	-3.78093e+000	-1.03987e-001	
75	2.001095e-003	-1.10360e-001	-3.78526e+000	-9.13979e-002	
76	2.001221e-003	-1.10329e-001	-3.78733e+000	-6.62354e-002	
77	2.001473e-003	-1.10300e-001	-3.76983e+000	-1.59777e-002	
78	2.001663e-003	-1.10290e-001	-3.08573e+000	1.970639e-002	
79	2.001762e-003	-1.10286e-001	-1.88332e+000	-1.84532e-003	
80	2.001827e-003	-1.10284e-001	-1.91758e+000	1.938229e-003	
81	2.001879e-003	-1.10284e-001	-1.88361e+000	-1.76074e-003	
82	2.001930e-003	-1.10283e-001	-1.91774e+000	1.832165e-003	
83	2.002000e-003	-1.10283e-001	-1.88382e+000	-1.68640e-003	
84	2.002010e-003	-1.10282e-001	-1.90081e+000	-5.04858e-005	
85	2.002020e-003	-1.10282e-001	-1.90085e+000	4.537397e-005	
86	2.002028e-003	-1.10282e-001	-1.90083e+000	-3.92290e-005	
87	2.002035e-003	-1.10282e-001	-1.90086e+000	3.382531e-005	
88	2.002044e-003	-1.10282e-001	-1.90085e+000	-3.02242e-005	
89	2.002053e-003	-1.10282e-001	-1.90088e+000	2.681582e-005	
90	2.002064e-003	-1.10282e-001	-1.90087e+000	-2.41702e-005	
91	2.002076e-003	-1.10282e-001	-1.90090e+000	2.203835e-005	
92	2.002088e-003	-1.10282e-001	-1.90089e+000	-2.02565e-005	
93	2.002103e-003	-1.10282e-001	-1.90092e+000	1.885390e-005	
94	2.002121e-003	-1.10282e-001	-1.90092e+000	-1.77282e-005	
95	2.002142e-003	-1.10282e-001	-1.90095e+000	1.684918e-005	
96	2.002169e-003	-1.10281e-001	-1.90095e+000	-1.61810e-005	
97	2.002204e-003	-1.10281e-001	-1.90099e+000	1.568920e-005	
98	2.002252e-003	-1.10281e-001	-1.90099e+000	-1.53441e-005	
99	2.002325e-003	-1.10281e-001	-1.90104e+000	1.511743e-005	
100	2.002443e-003	-1.10281e-001	-1.90106e+000	-1.49796e-005	
101	2.002657e-003	-1.10280e-001	-1.90111e+000	1.490456e-005	
102	2.003086e-003	-1.10280e-001	-1.90112e+000	-1.48671e-005	
103	2.003944e-003	-1.10280e-001	-1.90114e+000	1.484840e-005	
104	2.005661e-003	-1.10280e-001	-1.90112e+000	-1.48390e-005	
105	2.009093e-003	-1.10280e-001	-1.90114e+000	1.483440e-005	
106	2.015959e-003	-1.10280e-001	-1.90112e+000	-1.48321e-005	
107	2.029689e-003	-1.10280e-001	-1.90114e+000	1.483090e-005	
108	2.057150e-003	-1.10280e-001	-1.90112e+000	-1.48303e-005	
109	2.112072e-003	-1.10280e-001	-1.90114e+000	1.483002e-005	
110	2.221917e-003	-1.10280e-001	-1.90112e+000	-1.48299e-005	
111	2.441606e-003	-1.10280e-001	-1.90114e+000	1.482980e-005	
112	2.841606e-003	-1.10280e-001	-1.90112e+000	-1.48298e-005	

Index   time            v1#branch       v2#branch       v3#branch       
--------------------------------------------------------------------------------
113	3.001000e-003	-1.10280e-001	-1.90114e+000	1.482966e-005	
114	3.001100e-003	-9.03376e-002	-1.89975e+000	3.997436e-008	
115	3.001300e-003	-5.04806e-002	-1.89265e+000	-3.94232e-008	
116	3.001435e-003	-2.36486e-002	-1.88003e+000	3.998927e-008	
117	3.001594e-003	7.789019e-003	-1.81264e+000	-3.57480e-008	
118	3.001697e-003	2.136672e-002	-3.40361e-001	1.684441e-007	
119	3.001781e-003	-1.70884e-002	-3.38073e-002	-1.32265e-007	
120	3.001862e-003	1.695405e-002	3.381938e-002	1.382485e-007	
121	3.001959e-003	-1.66353e-002	-3.38657e-002	-1.43235e-007	
122	3.002000e-003	1.632397e-002	3.390667e-002	1.547420e-007	
123	3.002019e-003	2.230184e-004	-3.10722e-005	-5.97646e-009	
124	3.002030e-003	-2.01200e-004	2.719823e-005	5.433530e-009	
125	3.002040e-003	1.807200e-004	-2.35541e-005	-4.90762e-009	
126	3.002050e-003	-1.63001e-004	2.042737e-005	4.459205e-009	
127	3.002066e-003	1.524440e-004	-1.85408e-005	-4.17776e-009	
128	3.002085e-003	-1.43987e-004	1.705122e-005	3.962311e-009	
129	3.002112e-003	1.385575e-004	-1.60826e-005	-3.81396e-009	
130	3.002156e-003	-1.35172e-004	1.548691e-005	3.729356e-009	
131	3.002229e-003	1.332308e-004	-1.51402e-005	-3.67331e-009	
132	3.002374e-003	-1.32234e-004	1.496517e-005	3.651215e-009	
133	3.002663e-003	1.317524e-004	-1.48789e-005	-3.63422e-009	
134	3.003240e-003	-1.31505e-004	1.483550e-005	3.631749e-009	
135	3.004396e-003	1.313849e-004	-1.48140e-005	-3.62451e-009	
136	3.006706e-003	-1.31323e-004	1.480319e-005	3.626898e-009	
137	3.011328e-003	1.312932e-004	-1.47978e-005	-3.62208e-009	
138	3.020571e-003	-1.31278e-004	1.479513e-005	3.625686e-009	
139	3.039057e-003	1.312703e-004	-1.47938e-005	-3.62148e-009	
140	3.076029e-003	-1.31266e-004	1.479311e-005	3.625383e-009	
141	3.149972e-003	1.312646e-004	-1.47928e-005	-3.62133e-009	
142	3.297860e-003	-1.31264e-004	1.479260e-005	3.625307e-009	
143	3.593635e-003	1.312631e-004	-1.47925e-005	-3.62129e-009	
144	3.993635e-003	-1.31263e-004	1.479246e-005	3.625285e-009	
145	4.000000e-003	1.312407e-004	-1.47886e-005	-3.62069e-009	
146	4.000100e-003	-5.55354e-005	1.887329e-005	-5.58856e-005	
147	4.000300e-003	-8.38599e-005	-3.14989e-004	-8.35124e-005	
148	4.000489e-003	-1.33996e-002	-1.30320e+000	-1.33996e-002	
149	4.000669e-003	-4.52450e-002	-3.14188e+000	-4.52450e-002	
150	4.000816e-003	-7.37490e-002	-3.69268e+000	-7.37490e-002	
151	4.000984e-003	-1.07270e-001	-3.75356e+000	-1.07270e-001	
152	4.001000e-003	-1.10394e-001	-3.75693e+000	-1.10394e-001	
153	4.001032e-003	-1.10383e-001	-3.76342e+000	-1.10383e-001	
154	4.001095e-003	-1.10360e-001	-3.77320e+000	-1.10360e-001	
155	4.001221e-003	-1.10329e-001	-3.78446e+000	-1.10329e-001	
156	4.001473e-003	-1.10300e-001	-3.79387e+000	-1.10300e-001	
157	4.001844e-003	-1.10287e-001	-3.79775e+000	-1.10287e-001	
158	4.002284e-003	-1.10284e-001	-3.79868e+000	-1.10284e-001	
159	4.002930e-003	-1.10284e-001	-3.79879e+000	-1.10284e-001	
160	4.004006e-003	-1.10285e-001	-3.79857e+000	-1.10285e-001	
161	4.006159e-003	-1.10284e-001	-3.79863e+000	-1.10284e-001	
162	4.010463e-003	-1.10284e-001	-3.79859e+000	-1.10284e-001	
163	4.019072e-003	-1.10284e-001	-3.79862e+000	-1.10284e-001	
164	4.036291e-003	-1.10284e-001	-3.79859e+000	-1.10284e-001	
165	4.070728e-003	-1.10284e-001	-3.79862e+000	-1.10284e-001	
166	4.139602e-003	-1.10284e-001	-3.79859e+000	-1.10284e-001	
167	4.277349e-003	-1.10284e-001	-3.79862e+000	-1.10284e-001	
168	4.552844e-003	-1.10284e-001	-3.79859e+000	-1.10284e-001	
169	4.952844e-003	-1.10284e-001	-3.79862e+000	-1.10284e-001	
170	5.001000e-003	-1.10284e-001	-3.79859e+000	-1.10284e-001	

Index   time            v1#branch       v2#branch       v3#branch       
--------------------------------------------------------------------------------
171	5.001100e-003	-9.03417e-002	-3.79722e+000	-1.10284e-001	
172	5.001300e-003	-5.04848e-002	-3.79014e+000	-1.10284e-001	
173	5.001579e-003	4.939439e-003	-3.73359e+000	-1.10284e-001	
174	5.001736e-003	1.303110e-002	-1.87319e+000	-1.10280e-001	
175	5.001868e-003	-1.27593e-002	-1.93058e+000	-1.10280e-001	
176	5.001996e-003	1.276402e-002	-1.87170e+000	-1.10280e-001	
177	5.002000e-003	-9.40599e-003	-1.93103e+000	-1.10280e-001	
178	5.002001e-003	-2.44587e-003	-1.90087e+000	-1.10280e-001	
179	5.002001e-003	4.688059e-004	-1.90106e+000	-1.10280e-001	
180	5.002002e-003	-3.14510e-005	-1.90129e+000	-1.10280e-001	
181	5.002002e-003	-1.28520e-005	-1.90099e+000	-1.10280e-001	
182	5.002002e-003	-1.07963e-005	-1.90127e+000	-1.10280e-001	
183	5.002003e-003	-2.05681e-006	-1.90102e+000	-1.10280e-001	
184	5.002003e-003	-3.57093e-006	-1.90125e+000	-1.10280e-001	
185	5.002003e-003	1.587696e-006	-1.90103e+000	-1.10280e-001	
186	5.002004e-003	-1.90142e-006	-1.90124e+000	-1.10280e-001	
187	5.002004e-003	1.844613e-006	-1.90103e+000	-1.10280e-001	
188	5.002006e-003	-1.81896e-006	-1.90124e+000	-1.10280e-001	
189	5.002008e-003	1.807684e-006	-1.90104e+000	-1.10280e-001	
190	5.002014e-003	-1.80187e-006	-1.90124e+000	-1.10280e-001	
191	5.002024e-003	1.799166e-006	-1.90104e+000	-1.10280e-001	
192	5.002045e-003	-1.79773e-006	-1.90124e+000	-1.10280e-001	
193	5.002087e-003	1.797064e-006	-1.90103e+000	-1.10280e-001	
194	5.002170e-003	-1.79670e-006	-1.90123e+000	-1.10280e-001	
195	5.002337e-003	1.796540e-006	-1.90103e+000	-1.10280e-001	
196	5.002671e-003	-1.79645e-006	-1.90123e+000	-1.10280e-001	
197	5.003338e-003	1.796409e-006	-1.90103e+000	-1.10280e-001	
198	5.004673e-003	-1.79638e-006	-1.90123e+000	-1.10280e-001	
199	5.007343e-003	1.796376e-006	-1.90103e+000	-1.10280e-001	
200	5.012683e-003	-1.79637e-006	-1.90123e+000	-1.10280e-001	
201	5.023362e-003	1.796368e-006	-1.90103e+000	-1.10280e-001	
202	5.044722e-003	-1.79636e-006	-1.90123e+000	-1.10280e-001	
203	5.087440e-003	1.796366e-006	-1.90103e+000	-1.10280e-001	
204	5.172878e-003	-1.79636e-006	-1.90123e+000	-1.10280e-001	
205	5.343752e-003	1.796365e-006	-1.90103e+000	-1.10280e-001	
206	5.685501e-003	-1.79636e-006	-1.90123e+000	-1.10280e-001	
207	6.000000e-003	1.796365e-006	-1.90103e+000	-1.10280e-001	
208	6.000100e-003	-5.58878e-005	-1.90112e+000	-1.10280e-001	
209	6.000300e-003	-8.35146e-005	-1.90129e+000	-1.10280e-001	
210	6.000489e-003	-1.33999e-002	-2.55203e+000	-1.10282e-001	
211	6.000669e-003	-4.52450e-002	-3.47053e+000	-1.10284e-001	
212	6.000816e-003	-7.37478e-002	-3.74563e+000	-1.10284e-001	
213	6.000984e-003	-1.07269e-001	-3.77608e+000	-1.10284e-001	
214	6.001000e-003	-1.10394e-001	-3.77776e+000	-1.10284e-001	
215	6.001032e-003	-1.10383e-001	-3.78093e+000	-1.03987e-001	
216	6.001095e-003	-1.10360e-001	-3.78526e+000	-9.13979e-002	
217	6.001221e-003	-1.10329e-001	-3.78733e+000	-6.62354e-002	
218	6.001473e-003	-1.10300e-001	-3.76983e+000	-1.59779e-002	
219	6.001663e-003	-1.10290e-001	-3.08574e+000	1.970627e-002	
220	6.001762e-003	-1.10286e-001	-1.88332e+000	-1.84522e-003	
221	6.001827e-003	-1.10284e-001	-1.91758e+000	1.938134e-003	
222	6.001879e-003	-1.10284e-001	-1.88361e+000	-1.76065e-003	
223	6.001930e-003	-1.10283e-001	-1.91774e+000	1.832075e-003	
224	6.002000e-003	-1.10283e-001	-1.88382e+000	-1.68631e-003	
225	6.002010e-003	-1.10282e-001	-1.90081e+000	-5.04826e-005	
226	6.002020e-003	-1.10282e-001	-1.90085e+000	4.537086e-005	
227	6.002028e-003	-1.10282e-001	-1.90083e+000	-3.92262e-005	
228	6.002035e-003	-1.10282e-001	-1.90086e+000	3.382294e-005	

Index   time            v1#branch       v2#branch       v3#branch       
--------------------------------------------------------------------------------
229	6.002044e-003	-1.10282e-001	-1.90085e+000	-3.02220e-005	
230	6.002053e-003	-1.10282e-001	-1.90088e+000	2.681376e-005	
231	6.002064e-003	-1.10282e-001	-1.90087e+000	-2.41682e-005	
232	6.002076e-003	-1.10282e-001	-1.90090e+000	2.203641e-005	
233	6.002088e-003	-1.10282e-001	-1.90089e+000	-2.02546e-005	
234	6.002103e-003	-1.10282e-001	-1.90092e+000	1.885193e-005	
235	6.002121e-003	-1.10282e-001	-1.90092e+000	-1.77261e-005	
236	6.002142e-003	-1.10282e-001	-1.90095e+000	1.684705e-005	
237	6.002169e-003	-1.10281e-001	-1.90095e+000	-1.61787e-005	
238	6.002204e-003	-1.10281e-001	-1.90099e+000	1.568683e-005	
239	6.002252e-003	-1.10281e-001	-1.90099e+000	-1.53416e-005	
240	6.002325e-003	-1.10281e-001	-1.90104e+000	1.511483e-005	
241	6.002442e-003	-1.10281e-001	-1.90106e+000	-1.49769e-005	
242	6.002657e-003	-1.10280e-001	-1.90111e+000	1.490179e-005	
243	6.003085e-003	-1.10280e-001	-1.90112e+000	-1.48643e-005	
244	6.003943e-003	-1.10280e-001	-1.90114e+000	1.484559e-005	
245	6.005657e-003	-1.10280e-001	-1.90112e+000	-1.48362e-005	
246	6.009086e-003	-1.10280e-001	-1.90114e+000	1.483157e-005	
247	6.015943e-003	-1.10280e-001	-1.90112e+000	-1.48292e-005	
248	6.029659e-003	-1.10280e-001	-1.90114e+000	1.482806e-005	
249	6.057090e-003	-1.10280e-001	-1.90112e+000	-1.48275e-005	
250	6.111951e-003	-1.10280e-001	-1.90114e+000	1.482719e-005	
251	6.221675e-003	-1.10280e-001	-1.90112e+000	-1.48270e-005	
252	6.441121e-003	-1.10280e-001	-1.90114e+000	1.482697e-005	
253	6.841121e-003	-1.10280e-001	-1.90112e+000	-1.48269e-005	
254	7.001000e-003	-1.10280e-001	-1.90114e+000	1.482683e-005	
255	7.001100e-003	-9.03376e-002	-1.89975e+000	3.996678e-008	
256	7.001300e-003	-5.04806e-002	-1.89265e+000	-3.94157e-008	
257	7.001435e-003	-2.36485e-002	-1.88003e+000	3.998180e-008	
258	7.001594e-003	7.792009e-003	-1.81261e+000	-3.57392e-008	
259	7.001697e-003	2.136598e-002	-3.40026e-001	1.684648e-007	
260	7.001781e-003	-1.70931e-002	-3.38167e-002	-1.32323e-007	
261	7.001862e-003	1.695862e-002	3.382877e-002	1.383079e-007	
262	7.001959e-003	-1.66398e-002	-3.38751e-002	-1.43296e-007	
263	7.002000e-003	1.632840e-002	3.391608e-002	1.548045e-007	
264	7.002019e-003	2.231146e-004	-3.10852e-005	-5.97873e-009	
265	7.002030e-003	-2.01287e-004	2.720968e-005	5.435608e-009	
266	7.002040e-003	1.807988e-004	-2.35640e-005	-4.90951e-009	
267	7.002050e-003	-1.63070e-004	2.043569e-005	4.460885e-009	
268	7.002066e-003	1.525090e-004	-1.85483e-005	-4.17933e-009	
269	7.002085e-003	-1.44048e-004	1.705802e-005	3.963791e-009	
270	7.002112e-003	1.386159e-004	-1.60889e-005	-3.81537e-009	
271	7.002156e-003	-1.35228e-004	1.549295e-005	3.730736e-009	
272	7.002229e-003	1.332865e-004	-1.51460e-005	-3.67467e-009	
273	7.002374e-003	-1.32289e-004	1.497094e-005	3.652559e-009	
274	7.002663e-003	1.318074e-004	-1.48847e-005	-3.63556e-009	
275	7.003240e-003	-1.31560e-004	1.484121e-005	3.633084e-009	
276	7.004395e-003	1.314397e-004	-1.48197e-005	-3.62584e-009	
277	7.006706e-003	-1.31378e-004	1.480889e-005	3.628230e-009	
278	7.011327e-003	1.313480e-004	-1.48035e-005	-3.62342e-009	
279	7.020569e-003	-1.31333e-004	1.480082e-005	3.627018e-009	
280	7.039053e-003	1.313250e-004	-1.47995e-005	-3.62281e-009	
281	7.076021e-003	-1.31321e-004	1.479880e-005	3.626715e-009	
282	7.149958e-003	1.313193e-004	-1.47985e-005	-3.62266e-009	
283	7.297831e-003	-1.31318e-004	1.479830e-005	3.626639e-009	
284	7.593577e-003	1.313179e-004	-1.47982e-005	-3.62262e-009	
285	7.993577e-003	-1.31318e-004	1.479815e-005	3.626617e-009	
286	8.000000e-003	1.312957e-004	-1.47943e-005	-3.62203e-009	

Index   time            v1#branch       v2#branch       v3#branch       
--------------------------------------------------------------------------------
287	8.000100e-003	-5.55353e-005	1.887327e-005	-5.58856e-005	
288	8.000300e-003	-8.38601e-005	-3.14989e-004	-8.35124e-005	
289	8.000489e-003	-1.33996e-002	-1.30320e+000	-1.33996e-002	
290	8.000669e-003	-4.52450e-002	-3.14188e+000	-4.52450e-002	
291	8.000816e-003	-7.37490e-002	-3.69268e+000	-7.37490e-002	
292	8.000984e-003	-1.07270e-001	-3.75356e+000	-1.07270e-001	
293	8.001000e-003	-1.10394e-001	-3.75693e+000	-1.10394e-001	
294	8.001032e-003	-1.10383e-001	-3.76342e+000	-1.10383e-001	
295	8.001095e-003	-1.10360e-001	-3.77320e+000	-1.10360e-001	
296	8.001221e-003	-1.10329e-001	-3.78446e+000	-1.10329e-001	
297	8.001473e-003	-1.10300e-001	-3.79387e+000	-1.10300e-001	
298	8.001844e-003	-1.10287e-001	-3.79775e+000	-1.10287e-001	
299	8.002284e-003	-1.10284e-001	-3.79868e+000	-1.10284e-001	
300	8.002930e-003	-1.10284e-001	-3.79879e+000	-1.10284e-001	
301	8.004006e-003	-1.10285e-001	-3.79857e+000	-1.10285e-001	
302	8.006159e-003	-1.10284e-001	-3.79863e+000	-1.10284e-001	
303	8.010463e-003	-1.10284e-001	-3.79859e+000	-1.10284e-001	
304	8.019072e-003	-1.10284e-001	-3.79862e+000	-1.10284e-001	
305	8.036291e-003	-1.10284e-001	-3.79859e+000	-1.10284e-001	
306	8.070728e-003	-1.10284e-001	-3.79862e+000	-1.10284e-001	
307	8.139602e-003	-1.10284e-001	-3.79859e+000	-1.10284e-001	
308	8.277349e-003	-1.10284e-001	-3.79862e+000	-1.10284e-001	
309	8.552844e-003	-1.10284e-001	-3.79859e+000	-1.10284e-001	
310	8.952844e-003	-1.10284e-001	-3.79862e+000	-1.10284e-001	
311	9.001000e-003	-1.10284e-001	-3.79859e+000	-1.10284e-001	
312	9.001100e-003	-9.03417e-002	-3.79722e+000	-1.10284e-001	
313	9.001300e-003	-5.04848e-002	-3.79014e+000	-1.10284e-001	
314	9.001579e-003	4.939439e-003	-3.73359e+000	-1.10284e-001	
315	9.001736e-003	1.303110e-002	-1.87319e+000	-1.10280e-001	
316	9.001868e-003	-1.27593e-002	-1.93058e+000	-1.10280e-001	
317	9.001996e-003	1.276402e-002	-1.87170e+000	-1.10280e-001	
318	9.002000e-003	-9.40599e-003	-1.93103e+000	-1.10280e-001	
319	9.002001e-003	-2.44587e-003	-1.90087e+000	-1.10280e-001	
320	9.002001e-003	4.688059e-004	-1.90106e+000	-1.10280e-001	
321	9.002002e-003	-3.14510e-005	-1.90129e+000	-1.10280e-001	
322	9.002002e-003	-1.28520e-005	-1.90099e+000	-1.10280e-001	
323	9.002002e-003	-1.07963e-005	-1.90127e+000	-1.10280e-001	
324	9.002003e-003	-2.05681e-006	-1.90102e+000	-1.10280e-001	
325	9.002003e-003	-3.57093e-006	-1.90125e+000	-1.10280e-001	
326	9.002003e-003	1.587696e-006	-1.90103e+000	-1.10280e-001	
327	9.002004e-003	-1.90142e-006	-1.90124e+000	-1.10280e-001	
328	9.002004e-003	1.844613e-006	-1.90103e+000	-1.10280e-001	
329	9.002006e-003	-1.81896e-006	-1.90124e+000	-1.10280e-001	
330	9.002008e-003	1.807684e-006	-1.90104e+000	-1.10280e-001	
331	9.002014e-003	-1.80187e-006	-1.90124e+000	-1.10280e-001	
332	9.002024e-003	1.799166e-006	-1.90104e+000	-1.10280e-001	
333	9.002045e-003	-1.79773e-006	-1.90124e+000	-1.10280e-001	
334	9.002087e-003	1.797064e-006	-1.90103e+000	-1.10280e-001	
335	9.002170e-003	-1.79670e-006	-1.90123e+000	-1.10280e-001	
336	9.002337e-003	1.796540e-006	-1.90103e+000	-1.10280e-001	
337	9.002671e-003	-1.79645e-006	-1.90123e+000	-1.10280e-001	
338	9.003338e-003	1.796409e-006	-1.90103e+000	-1.10280e-001	
339	9.004673e-003	-1.79638e-006	-1.90123e+000	-1.10280e-001	
340	9.007343e-003	1.796376e-006	-1.90103e+000	-1.10280e-001	
341	9.012683e-003	-1.79637e-006	-1.90123e+000	-1.10280e-001	
342	9.023362e-003	1.796368e-006	-1.90103e+000	-1.10280e-001	
343	9.044722e-003	-1.79636e-006	-1.90123e+000	-1.10280e-001	
344	9.087440e-003	1.796366e-006	-1.90103e+000	-1.10280e-001	

Index   time            v1#branch       v2#branch       v3#branch       
--------------------------------------------------------------------------------
345	9.172878e-003	-1.79636e-006	-1.90123e+000	-1.10280e-001	
346	9.343752e-003	1.796365e-006	-1.90103e+000	-1.10280e-001	
347	9.685501e-003	-1.79636e-006	-1.90123e+000	-1.10280e-001	
348	1.000000e-002	1.796365e-006	-1.90103e+000	-1.10280e-001	
349	1.000010e-002	-5.58878e-005	-1.90112e+000	-1.10280e-001	
350	1.000030e-002	-8.35146e-005	-1.90129e+000	-1.10280e-001	
351	1.000049e-002	-1.33999e-002	-2.55203e+000	-1.10282e-001	
352	1.000067e-002	-4.52450e-002	-3.47053e+000	-1.10284e-001	
353	1.000082e-002	-7.37478e-002	-3.74563e+000	-1.10284e-001	
354	1.000098e-002	-1.07269e-001	-3.77608e+000	-1.10284e-001	
355	1.000100e-002	-1.10394e-001	-3.77776e+000	-1.10284e-001	
356	1.000103e-002	-1.10383e-001	-3.78093e+000	-1.03987e-001	
357	1.000109e-002	-1.10360e-001	-3.78526e+000	-9.13979e-002	
358	1.000122e-002	-1.10329e-001	-3.78733e+000	-6.62354e-002	
359	1.000147e-002	-1.10300e-001	-3.76983e+000	-1.59779e-002	
360	1.000166e-002	-1.10290e-001	-3.08574e+000	1.970627e-002	
361	1.000176e-002	-1.10286e-001	-1.88332e+000	-1.84522e-003	
362	1.000183e-002	-1.10284e-001	-1.91758e+000	1.938134e-003	
363	1.000188e-002	-1.10284e-001	-1.88361e+000	-1.76065e-003	
364	1.000193e-002	-1.10283e-001	-1.91774e+000	1.832075e-003	
365	1.000200e-002	-1.10283e-001	-1.88382e+000	-1.68631e-003	
366	1.000201e-002	-1.10282e-001	-1.90081e+000	-5.04826e-005	
367	1.000202e-002	-1.10282e-001	-1.90085e+000	4.537086e-005	
368	1.000203e-002	-1.10282e-001	-1.90083e+000	-3.92262e-005	
369	1.000203e-002	-1.10282e-001	-1.90086e+000	3.382294e-005	
370	1.000204e-002	-1.10282e-001	-1.90085e+000	-3.02220e-005	
371	1.000205e-002	-1.10282e-001	-1.90088e+000	2.681376e-005	
372	1.000206e-002	-1.10282e-001	-1.90087e+000	-2.41682e-005	
373	1.000208e-002	-1.10282e-001	-1.90090e+000	2.203641e-005	
374	1.000209e-002	-1.10282e-001	-1.90089e+000	-2.02546e-005	
375	1.000210e-002	-1.10282e-001	-1.90092e+000	1.885193e-005	
376	1.000212e-002	-1.10282e-001	-1.90092e+000	-1.77261e-005	
377	1.000214e-002	-1.10282e-001	-1.90095e+000	1.684705e-005	
378	1.000217e-002	-1.10281e-001	-1.90095e+000	-1.61787e-005	
379	1.000220e-002	-1.10281e-001	-1.90099e+000	1.568683e-005	
380	1.000225e-002	-1.10281e-001	-1.90099e+000	-1.53416e-005	
381	1.000232e-002	-1.10281e-001	-1.90104e+000	1.511483e-005	
382	1.000244e-002	-1.10281e-001	-1.90106e+000	-1.49769e-005	
383	1.000266e-002	-1.10280e-001	-1.90111e+000	1.490179e-005	
384	1.000309e-002	-1.10280e-001	-1.90112e+000	-1.48643e-005	
385	1.000394e-002	-1.10280e-001	-1.90114e+000	1.484559e-005	
386	1.000566e-002	-1.10280e-001	-1.90112e+000	-1.48362e-005	
387	1.000909e-002	-1.10280e-001	-1.90114e+000	1.483157e-005	
388	1.001594e-002	-1.10280e-001	-1.90112e+000	-1.48292e-005	
389	1.002966e-002	-1.10280e-001	-1.90114e+000	1.482806e-005	
390	1.005709e-002	-1.10280e-001	-1.90112e+000	-1.48275e-005	
391	1.011195e-002	-1.10280e-001	-1.90114e+000	1.482719e-005	
392	1.022167e-002	-1.10280e-001	-1.90112e+000	-1.48270e-005	
393	1.044112e-002	-1.10280e-001	-1.90114e+000	1.482697e-005	
394	1.084112e-002	-1.10280e-001	-1.90112e+000	-1.48269e-005	
395	1.100100e-002	-1.10280e-001	-1.90114e+000	1.482683e-005	
396	1.100110e-002	-9.03376e-002	-1.89975e+000	3.996678e-008	
397	1.100130e-002	-5.04806e-002	-1.89265e+000	-3.94157e-008	
398	1.100143e-002	-2.36485e-002	-1.88003e+000	3.998180e-008	
399	1.100159e-002	7.792009e-003	-1.81261e+000	-3.57392e-008	
400	1.100170e-002	2.136598e-002	-3.40026e-001	1.684648e-007	
401	1.100178e-002	-1.70931e-002	-3.38167e-002	-1.32323e-007	
402	1.100186e-002	1.695862e-002	3.382877e-002	1.383079e-007	

Index   time            v1#branch       v2#branch       v3#branch       
--------------------------------------------------------------------------------
403	1.100196e-002	-1.66398e-002	-3.38751e-002	-1.43296e-007	
404	1.100200e-002	1.632840e-002	3.391608e-002	1.548045e-007	
405	1.100202e-002	2.231146e-004	-3.10852e-005	-5.97873e-009	
406	1.100203e-002	-2.01287e-004	2.720968e-005	5.435608e-009	
407	1.100204e-002	1.807988e-004	-2.35640e-005	-4.90951e-009	
408	1.100205e-002	-1.63070e-004	2.043569e-005	4.460885e-009	
409	1.100207e-002	1.525090e-004	-1.85483e-005	-4.17933e-009	
410	1.100208e-002	-1.44048e-004	1.705802e-005	3.963791e-009	
411	1.100211e-002	1.386159e-004	-1.60889e-005	-3.81537e-009	
412	1.100216e-002	-1.35228e-004	1.549295e-005	3.730736e-009	
413	1.100223e-002	1.332865e-004	-1.51460e-005	-3.67467e-009	
414	1.100237e-002	-1.32289e-004	1.497094e-005	3.652559e-009	
415	1.100266e-002	1.318074e-004	-1.48847e-005	-3.63556e-009	
416	1.100324e-002	-1.31560e-004	1.484121e-005	3.633084e-009	
417	1.100440e-002	1.314397e-004	-1.48197e-005	-3.62584e-009	
418	1.100671e-002	-1.31378e-004	1.480889e-005	3.628230e-009	
419	1.101133e-002	1.313480e-004	-1.48035e-005	-3.62342e-009	
420	1.102057e-002	-1.31333e-004	1.480082e-005	3.627018e-009	
421	1.103905e-002	1.313250e-004	-1.47995e-005	-3.62281e-009	
422	1.107602e-002	-1.31321e-004	1.479880e-005	3.626715e-009	
423	1.114996e-002	1.313193e-004	-1.47985e-005	-3.62266e-009	
424	1.129783e-002	-1.31318e-004	1.479830e-005	3.626639e-009	
425	1.159358e-002	1.313179e-004	-1.47982e-005	-3.62262e-009	
426	1.199358e-002	-1.31318e-004	1.479815e-005	3.626617e-009	
427	1.200000e-002	1.312957e-004	-1.47943e-005	-3.62203e-009	
428	1.200010e-002	-5.55353e-005	1.887327e-005	-5.58856e-005	
429	1.200030e-002	-8.38601e-005	-3.14989e-004	-8.35124e-005	
430	1.200049e-002	-1.33996e-002	-1.30320e+000	-1.33996e-002	
431	1.200067e-002	-4.52450e-002	-3.14188e+000	-4.52450e-002	
432	1.200082e-002	-7.37490e-002	-3.69268e+000	-7.37490e-002	
433	1.200098e-002	-1.07270e-001	-3.75356e+000	-1.07270e-001	
434	1.200100e-002	-1.10394e-001	-3.75693e+000	-1.10394e-001	
435	1.200103e-002	-1.10383e-001	-3.76342e+000	-1.10383e-001	
436	1.200109e-002	-1.10360e-001	-3.77320e+000	-1.10360e-001	
437	1.200122e-002	-1.10329e-001	-3.78446e+000	-1.10329e-001	
438	1.200147e-002	-1.10300e-001	-3.79387e+000	-1.10300e-001	
439	1.200184e-002	-1.10287e-001	-3.79775e+000	-1.10287e-001	
440	1.200228e-002	-1.10284e-001	-3.79868e+000	-1.10284e-001	
441	1.200293e-002	-1.10284e-001	-3.79879e+000	-1.10284e-001	
442	1.200401e-002	-1.10285e-001	-3.79857e+000	-1.10285e-001	
443	1.200616e-002	-1.10284e-001	-3.79863e+000	-1.10284e-001	
444	1.201046e-002	-1.10284e-001	-3.79859e+000	-1.10284e-001	
445	1.201907e-002	-1.10284e-001	-3.79862e+000	-1.10284e-001	
446	1.203629e-002	-1.10284e-001	-3.79859e+000	-1.10284e-001	
447	1.207073e-002	-1.10284e-001	-3.79862e+000	-1.10284e-001	
448	1.213960e-002	-1.10284e-001	-3.79859e+000	-1.10284e-001	
449	1.227735e-002	-1.10284e-001	-3.79862e+000	-1.10284e-001	
450	1.255284e-002	-1.10284e-001	-3.79859e+000	-1.10284e-001	
451	1.295284e-002	-1.10284e-001	-3.79862e+000	-1.10284e-001	
452	1.300100e-002	-1.10284e-001	-3.79859e+000	-1.10284e-001	
453	1.300110e-002	-9.03417e-002	-3.79722e+000	-1.10284e-001	
454	1.300130e-002	-5.04848e-002	-3.79014e+000	-1.10284e-001	
455	1.300158e-002	4.939439e-003	-3.73359e+000	-1.10284e-001	
456	1.300174e-002	1.303110e-002	-1.87319e+000	-1.10280e-001	
457	1.300187e-002	-1.27593e-002	-1.93058e+000	-1.10280e-001	
458	1.300200e-002	1.276402e-002	-1.87170e+000	-1.10280e-001	
459	1.300200e-002	-9.40599e-003	-1.93103e+000	-1.10280e-001	
460	1.300200e-002	-2.44587e-003	-1.90087e+000	-1.10280e-001	

Index   time            v1#branch       v2#branch       v3#branch       
--------------------------------------------------------------------------------
461	1.300200e-002	4.688059e-004	-1.90106e+000	-1.10280e-001	
462	1.300200e-002	-3.14510e-005	-1.90129e+000	-1.10280e-001	
463	1.300200e-002	-1.28520e-005	-1.90099e+000	-1.10280e-001	
464	1.300200e-002	-1.07963e-005	-1.90127e+000	-1.10280e-001	
465	1.300200e-002	-2.05681e-006	-1.90102e+000	-1.10280e-001	
466	1.300200e-002	-3.57093e-006	-1.90125e+000	-1.10280e-001	
467	1.300200e-002	1.587696e-006	-1.90103e+000	-1.10280e-001	
468	1.300200e-002	-1.90142e-006	-1.90124e+000	-1.10280e-001	
469	1.300200e-002	1.844613e-006	-1.90103e+000	-1.10280e-001	
470	1.300201e-002	-1.81896e-006	-1.90124e+000	-1.10280e-001	
471	1.300201e-002	1.807684e-006	-1.90104e+000	-1.10280e-001	
472	1.300201e-002	-1.80187e-006	-1.90124e+000	-1.10280e-001	
473	1.300202e-002	1.799166e-006	-1.90104e+000	-1.10280e-001	
474	1.300204e-002	-1.79773e-006	-1.90124e+000	-1.10280e-001	
475	1.300209e-002	1.797064e-006	-1.90103e+000	-1.10280e-001	
476	1.300217e-002	-1.79670e-006	-1.90123e+000	-1.10280e-001	
477	1.300234e-002	1.796540e-006	-1.90103e+000	-1.10280e-001	
478	1.300267e-002	-1.79645e-006	-1.90123e+000	-1.10280e-001	
479	1.300334e-002	1.796409e-006	-1.90103e+000	-1.10280e-001	
480	1.300467e-002	-1.79638e-006	-1.90123e+000	-1.10280e-001	
481	1.300734e-002	1.796376e-006	-1.90103e+000	-1.10280e-001	
482	1.301268e-002	-1.79637e-006	-1.90123e+000	-1.10280e-001	
483	1.302336e-002	1.796368e-006	-1.90103e+000	-1.10280e-001	
484	1.304472e-002	-1.79636e-006	-1.90123e+000	-1.10280e-001	
485	1.308744e-002	1.796366e-006	-1.90103e+000	-1.10280e-001	
486	1.317288e-002	-1.79636e-006	-1.90123e+000	-1.10280e-001	
487	1.334375e-002	1.796365e-006	-1.90103e+000	-1.10280e-001	
488	1.368550e-002	-1.79636e-006	-1.90123e+000	-1.10280e-001	
489	1.400000e-002	1.796365e-006	-1.90103e+000	-1.10280e-001	
490	1.400010e-002	-5.58878e-005	-1.90112e+000	-1.10280e-001	
491	1.400030e-002	-8.35146e-005	-1.90129e+000	-1.10280e-001	
492	1.400049e-002	-1.33999e-002	-2.55203e+000	-1.10282e-001	
493	1.400067e-002	-4.52450e-002	-3.47053e+000	-1.10284e-001	
494	1.400082e-002	-7.37478e-002	-3.74563e+000	-1.10284e-001	
495	1.400098e-002	-1.07269e-001	-3.77608e+000	-1.10284e-001	
496	1.400100e-002	-1.10394e-001	-3.77776e+000	-1.10284e-001	
497	1.400103e-002	-1.10383e-001	-3.78093e+000	-1.03987e-001	
498	1.400109e-002	-1.10360e-001	-3.78526e+000	-9.13979e-002	
499	1.400122e-002	-1.10329e-001	-3.78733e+000	-6.62354e-002	
500	1.400147e-002	-1.10300e-001	-3.76983e+000	-1.59779e-002	
501	1.400166e-002	-1.10290e-001	-3.08574e+000	1.970627e-002	
502	1.400176e-002	-1.10286e-001	-1.88332e+000	-1.84522e-003	
503	1.400183e-002	-1.10284e-001	-1.91758e+000	1.938134e-003	
504	1.400188e-002	-1.10284e-001	-1.88361e+000	-1.76065e-003	
505	1.400193e-002	-1.10283e-001	-1.91774e+000	1.832075e-003	
506	1.400200e-002	-1.10283e-001	-1.88382e+000	-1.68631e-003	
507	1.400201e-002	-1.10282e-001	-1.90081e+000	-5.04826e-005	
508	1.400202e-002	-1.10282e-001	-1.90085e+000	4.537086e-005	
509	1.400203e-002	-1.10282e-001	-1.90083e+000	-3.92262e-005	
510	1.400203e-002	-1.10282e-001	-1.90086e+000	3.382294e-005	
511	1.400204e-002	-1.10282e-001	-1.90085e+000	-3.02220e-005	
512	1.400205e-002	-1.10282e-001	-1.90088e+000	2.681376e-005	
513	1.400206e-002	-1.10282e-001	-1.90087e+000	-2.41682e-005	
514	1.400208e-002	-1.10282e-001	-1.90090e+000	2.203641e-005	
515	1.400209e-002	-1.10282e-001	-1.90089e+000	-2.02546e-005	
516	1.400210e-002	-1.10282e-001	-1.90092e+000	1.885193e-005	
517	1.400212e-002	-1.10282e-001	-1.90092e+000	-1.77261e-005	
518	1.400214e-002	-1.10282e-001	-1.90095e+000	1.684705e-005	

Index   time            v1#branch       v2#branch       v3#branch       
--------------------------------------------------------------------------------
519	1.400217e-002	-1.10281e-001	-1.90095e+000	-1.61787e-005	
520	1.400220e-002	-1.10281e-001	-1.90099e+000	1.568683e-005	
521	1.400225e-002	-1.10281e-001	-1.90099e+000	-1.53416e-005	
522	1.400232e-002	-1.10281e-001	-1.90104e+000	1.511483e-005	
523	1.400244e-002	-1.10281e-001	-1.90106e+000	-1.49769e-005	
524	1.400266e-002	-1.10280e-001	-1.90111e+000	1.490179e-005	
525	1.400309e-002	-1.10280e-001	-1.90112e+000	-1.48643e-005	
526	1.400394e-002	-1.10280e-001	-1.90114e+000	1.484559e-005	
527	1.400566e-002	-1.10280e-001	-1.90112e+000	-1.48362e-005	
528	1.400909e-002	-1.10280e-001	-1.90114e+000	1.483157e-005	
529	1.401594e-002	-1.10280e-001	-1.90112e+000	-1.48292e-005	
530	1.402966e-002	-1.10280e-001	-1.90114e+000	1.482806e-005	
531	1.405709e-002	-1.10280e-001	-1.90112e+000	-1.48275e-005	
532	1.411195e-002	-1.10280e-001	-1.90114e+000	1.482719e-005	
533	1.422167e-002	-1.10280e-001	-1.90112e+000	-1.48270e-005	
534	1.444112e-002	-1.10280e-001	-1.90114e+000	1.482697e-005	
535	1.484112e-002	-1.10280e-001	-1.90112e+000	-1.48269e-005	
536	1.500100e-002	-1.10280e-001	-1.90114e+000	1.482683e-005	
537	1.500110e-002	-9.03376e-002	-1.89975e+000	3.996678e-008	
538	1.500130e-002	-5.04806e-002	-1.89265e+000	-3.94157e-008	
539	1.500143e-002	-2.36485e-002	-1.88003e+000	3.998180e-008	
540	1.500159e-002	7.792009e-003	-1.81261e+000	-3.57392e-008	
541	1.500170e-002	2.136598e-002	-3.40026e-001	1.684648e-007	
542	1.500178e-002	-1.70931e-002	-3.38167e-002	-1.32323e-007	
543	1.500186e-002	1.695862e-002	3.382877e-002	1.383079e-007	
544	1.500196e-002	-1.66398e-002	-3.38751e-002	-1.43296e-007	
545	1.500200e-002	1.632840e-002	3.391608e-002	1.548045e-007	
546	1.500202e-002	2.231146e-004	-3.10852e-005	-5.97873e-009	
547	1.500203e-002	-2.01287e-004	2.720968e-005	5.435608e-009	
548	1.500204e-002	1.807988e-004	-2.35640e-005	-4.90951e-009	
549	1.500205e-002	-1.63070e-004	2.043569e-005	4.460885e-009	
550	1.500207e-002	1.525090e-004	-1.85483e-005	-4.17933e-009	
551	1.500208e-002	-1.44048e-004	1.705802e-005	3.963791e-009	
552	1.500211e-002	1.386159e-004	-1.60889e-005	-3.81537e-009	
553	1.500216e-002	-1.35228e-004	1.549295e-005	3.730736e-009	
554	1.500223e-002	1.332865e-004	-1.51460e-005	-3.67467e-009	
555	1.500237e-002	-1.32289e-004	1.497094e-005	3.652559e-009	
556	1.500266e-002	1.318074e-004	-1.48847e-005	-3.63556e-009	
557	1.500324e-002	-1.31560e-004	1.484121e-005	3.633084e-009	
558	1.500440e-002	1.314397e-004	-1.48197e-005	-3.62584e-009	
559	1.500671e-002	-1.31378e-004	1.480889e-005	3.628230e-009	
560	1.501133e-002	1.313480e-004	-1.48035e-005	-3.62342e-009	
561	1.502057e-002	-1.31333e-004	1.480082e-005	3.627018e-009	
562	1.503905e-002	1.313250e-004	-1.47995e-005	-3.62281e-009	
563	1.507602e-002	-1.31321e-004	1.479880e-005	3.626715e-009	
564	1.514996e-002	1.313193e-004	-1.47985e-005	-3.62266e-009	
565	1.529783e-002	-1.31318e-004	1.479830e-005	3.626639e-009	
566	1.559358e-002	1.313179e-004	-1.47982e-005	-3.62262e-009	
567	1.599358e-002	-1.31318e-004	1.479815e-005	3.626617e-009	
568	1.600000e-002	1.312957e-004	-1.47943e-005	-3.62203e-009	
569	1.600010e-002	-5.55353e-005	1.887327e-005	-5.58856e-005	
570	1.600030e-002	-8.38601e-005	-3.14989e-004	-8.35124e-005	
571	1.600049e-002	-1.33996e-002	-1.30320e+000	-1.33996e-002	
572	1.600067e-002	-4.52450e-002	-3.14188e+000	-4.52450e-002	
573	1.600082e-002	-7.37490e-002	-3.69268e+000	-7.37490e-002	
574	1.600098e-002	-1.07270e-001	-3.75356e+000	-1.07270e-001	
575	1.600100e-002	-1.10394e-001	-3.75693e+000	-1.10394e-001	
576	1.600103e-002	-1.10383e-001	-3.76342e+000	-1.10383e-001	

Index   time            v1#branch       v2#branch       v3#branch       
--------------------------------------------------------------------------------
577	1.600109e-002	-1.10360e-001	-3.77320e+000	-1.10360e-001	
578	1.600122e-002	-1.10329e-001	-3.78446e+000	-1.10329e-001	
579	1.600147e-002	-1.10300e-001	-3.79387e+000	-1.10300e-001	
580	1.600184e-002	-1.10287e-001	-3.79775e+000	-1.10287e-001	
581	1.600228e-002	-1.10284e-001	-3.79868e+000	-1.10284e-001	
582	1.600293e-002	-1.10284e-001	-3.79879e+000	-1.10284e-001	
583	1.600401e-002	-1.10285e-001	-3.79857e+000	-1.10285e-001	
584	1.600616e-002	-1.10284e-001	-3.79863e+000	-1.10284e-001	
585	1.601046e-002	-1.10284e-001	-3.79859e+000	-1.10284e-001	
586	1.601907e-002	-1.10284e-001	-3.79862e+000	-1.10284e-001	
587	1.603629e-002	-1.10284e-001	-3.79859e+000	-1.10284e-001	
588	1.607073e-002	-1.10284e-001	-3.79862e+000	-1.10284e-001	
589	1.613960e-002	-1.10284e-001	-3.79859e+000	-1.10284e-001	
590	1.627735e-002	-1.10284e-001	-3.79862e+000	-1.10284e-001	
591	1.655284e-002	-1.10284e-001	-3.79859e+000	-1.10284e-001	
592	1.695284e-002	-1.10284e-001	-3.79862e+000	-1.10284e-001	
593	1.700100e-002	-1.10284e-001	-3.79859e+000	-1.10284e-001	
594	1.700110e-002	-9.03417e-002	-3.79722e+000	-1.10284e-001	
595	1.700130e-002	-5.04848e-002	-3.79014e+000	-1.10284e-001	
596	1.700158e-002	4.939439e-003	-3.73359e+000	-1.10284e-001	
597	1.700174e-002	1.303110e-002	-1.87319e+000	-1.10280e-001	
598	1.700187e-002	-1.27593e-002	-1.93058e+000	-1.10280e-001	
599	1.700200e-002	1.276402e-002	-1.87170e+000	-1.10280e-001	
600	1.700200e-002	-9.40599e-003	-1.93103e+000	-1.10280e-001	
601	1.700200e-002	-2.44587e-003	-1.90087e+000	-1.10280e-001	
602	1.700200e-002	4.688059e-004	-1.90106e+000	-1.10280e-001	
603	1.700200e-002	-3.14510e-005	-1.90129e+000	-1.10280e-001	
604	1.700200e-002	-1.28520e-005	-1.90099e+000	-1.10280e-001	
605	1.700200e-002	-1.07963e-005	-1.90127e+000	-1.10280e-001	
606	1.700200e-002	-2.05681e-006	-1.90102e+000	-1.10280e-001	
607	1.700200e-002	-3.57093e-006	-1.90125e+000	-1.10280e-001	
608	1.700200e-002	1.587696e-006	-1.90103e+000	-1.10280e-001	
609	1.700200e-002	-1.90142e-006	-1.90124e+000	-1.10280e-001	
610	1.700200e-002	1.844613e-006	-1.90103e+000	-1.10280e-001	
611	1.700201e-002	-1.81896e-006	-1.90124e+000	-1.10280e-001	
612	1.700201e-002	1.807684e-006	-1.90104e+000	-1.10280e-001	
613	1.700201e-002	-1.80187e-006	-1.90124e+000	-1.10280e-001	
614	1.700202e-002	1.799166e-006	-1.90104e+000	-1.10280e-001	
615	1.700204e-002	-1.79773e-006	-1.90124e+000	-1.10280e-001	
616	1.700209e-002	1.797064e-006	-1.90103e+000	-1.10280e-001	
617	1.700217e-002	-1.79670e-006	-1.90123e+000	-1.10280e-001	
618	1.700234e-002	1.796540e-006	-1.90103e+000	-1.10280e-001	
619	1.700267e-002	-1.79645e-006	-1.90123e+000	-1.10280e-001	
620	1.700334e-002	1.796409e-006	-1.90103e+000	-1.10280e-001	
621	1.700467e-002	-1.79638e-006	-1.90123e+000	-1.10280e-001	
622	1.700734e-002	1.796376e-006	-1.90103e+000	-1.10280e-001	
623	1.701268e-002	-1.79637e-006	-1.90123e+000	-1.10280e-001	
624	1.702336e-002	1.796368e-006	-1.90103e+000	-1.10280e-001	
625	1.704472e-002	-1.79636e-006	-1.90123e+000	-1.10280e-001	
626	1.708744e-002	1.796366e-006	-1.90103e+000	-1.10280e-001	
627	1.717288e-002	-1.79636e-006	-1.90123e+000	-1.10280e-001	
628	1.734375e-002	1.796365e-006	-1.90103e+000	-1.10280e-001	
629	1.768550e-002	-1.79636e-006	-1.90123e+000	-1.10280e-001	
630	1.800000e-002	1.796365e-006	-1.90103e+000	-1.10280e-001	
631	1.800010e-002	-5.58878e-005	-1.90112e+000	-1.10280e-001	
632	1.800030e-002	-8.35146e-005	-1.90129e+000	-1.10280e-001	
633	1.800049e-002	-1.33999e-002	-2.55203e+000	-1.10282e-001	
634	1.800067e-002	-4.52450e-002	-3.47053e+000	-1.10284e-001	

Index   time            v1#branch       v2#branch       v3#branch       
--------------------------------------------------------------------------------
635	1.800082e-002	-7.37478e-002	-3.74563e+000	-1.10284e-001	
636	1.800098e-002	-1.07269e-001	-3.77608e+000	-1.10284e-001	
637	1.800100e-002	-1.10394e-001	-3.77776e+000	-1.10284e-001	
638	1.800103e-002	-1.10383e-001	-3.78093e+000	-1.03987e-001	
639	1.800109e-002	-1.10360e-001	-3.78526e+000	-9.13979e-002	
640	1.800122e-002	-1.10329e-001	-3.78733e+000	-6.62354e-002	
641	1.800147e-002	-1.10300e-001	-3.76983e+000	-1.59779e-002	
642	1.800166e-002	-1.10290e-001	-3.08574e+000	1.970627e-002	
643	1.800176e-002	-1.10286e-001	-1.88332e+000	-1.84522e-003	
644	1.800183e-002	-1.10284e-001	-1.91758e+000	1.938134e-003	
645	1.800188e-002	-1.10284e-001	-1.88361e+000	-1.76065e-003	
646	1.800193e-002	-1.10283e-001	-1.91774e+000	1.832075e-003	
647	1.800200e-002	-1.10283e-001	-1.88382e+000	-1.68631e-003	
648	1.800201e-002	-1.10282e-001	-1.90081e+000	-5.04826e-005	
649	1.800202e-002	-1.10282e-001	-1.90085e+000	4.537086e-005	
650	1.800203e-002	-1.10282e-001	-1.90083e+000	-3.92262e-005	
651	1.800203e-002	-1.10282e-001	-1.90086e+000	3.382294e-005	
652	1.800204e-002	-1.10282e-001	-1.90085e+000	-3.02220e-005	
653	1.800205e-002	-1.10282e-001	-1.90088e+000	2.681376e-005	
654	1.800206e-002	-1.10282e-001	-1.90087e+000	-2.41682e-005	
655	1.800208e-002	-1.10282e-001	-1.90090e+000	2.203641e-005	
656	1.800209e-002	-1.10282e-001	-1.90089e+000	-2.02546e-005	
657	1.800210e-002	-1.10282e-001	-1.90092e+000	1.885193e-005	
658	1.800212e-002	-1.10282e-001	-1.90092e+000	-1.77261e-005	
659	1.800214e-002	-1.10282e-001	-1.90095e+000	1.684705e-005	
660	1.800217e-002	-1.10281e-001	-1.90095e+000	-1.61787e-005	
661	1.800220e-002	-1.10281e-001	-1.90099e+000	1.568683e-005	
662	1.800225e-002	-1.10281e-001	-1.90099e+000	-1.53416e-005	
663	1.800232e-002	-1.10281e-001	-1.90104e+000	1.511483e-005	
664	1.800244e-002	-1.10281e-001	-1.90106e+000	-1.49769e-005	
665	1.800266e-002	-1.10280e-001	-1.90111e+000	1.490179e-005	
666	1.800309e-002	-1.10280e-001	-1.90112e+000	-1.48643e-005	
667	1.800394e-002	-1.10280e-001	-1.90114e+000	1.484559e-005	
668	1.800566e-002	-1.10280e-001	-1.90112e+000	-1.48362e-005	
669	1.800909e-002	-1.10280e-001	-1.90114e+000	1.483157e-005	
670	1.801594e-002	-1.10280e-001	-1.90112e+000	-1.48292e-005	
671	1.802966e-002	-1.10280e-001	-1.90114e+000	1.482806e-005	
672	1.805709e-002	-1.10280e-001	-1.90112e+000	-1.48275e-005	
673	1.811195e-002	-1.10280e-001	-1.90114e+000	1.482719e-005	
674	1.822167e-002	-1.10280e-001	-1.90112e+000	-1.48270e-005	
675	1.844112e-002	-1.10280e-001	-1.90114e+000	1.482697e-005	
676	1.884112e-002	-1.10280e-001	-1.90112e+000	-1.48269e-005	
677	1.900100e-002	-1.10280e-001	-1.90114e+000	1.482683e-005	
678	1.900110e-002	-9.03376e-002	-1.89975e+000	3.996678e-008	
679	1.900130e-002	-5.04806e-002	-1.89265e+000	-3.94157e-008	
680	1.900143e-002	-2.36485e-002	-1.88003e+000	3.998180e-008	
681	1.900159e-002	7.792009e-003	-1.81261e+000	-3.57392e-008	
682	1.900170e-002	2.136598e-002	-3.40026e-001	1.684648e-007	
683	1.900178e-002	-1.70931e-002	-3.38167e-002	-1.32323e-007	
684	1.900186e-002	1.695862e-002	3.382877e-002	1.383079e-007	
685	1.900196e-002	-1.66398e-002	-3.38751e-002	-1.43296e-007	
686	1.900200e-002	1.632840e-002	3.391608e-002	1.548045e-007	
687	1.900202e-002	2.231146e-004	-3.10852e-005	-5.97873e-009	
688	1.900203e-002	-2.01287e-004	2.720968e-005	5.435608e-009	
689	1.900204e-002	1.807988e-004	-2.35640e-005	-4.90951e-009	
690	1.900205e-002	-1.63070e-004	2.043569e-005	4.460885e-009	
691	1.900207e-002	1.525090e-004	-1.85483e-005	-4.17933e-009	
692	1.900208e-002	-1.44048e-004	1.705802e-005	3.963791e-009	

Index   time            v1#branch       v2#branch       v3#branch       
--------------------------------------------------------------------------------
693	1.900211e-002	1.386159e-004	-1.60889e-005	-3.81537e-009	
694	1.900216e-002	-1.35228e-004	1.549295e-005	3.730736e-009	
695	1.900223e-002	1.332865e-004	-1.51460e-005	-3.67467e-009	
696	1.900237e-002	-1.32289e-004	1.497094e-005	3.652559e-009	
697	1.900266e-002	1.318074e-004	-1.48847e-005	-3.63556e-009	
698	1.900324e-002	-1.31560e-004	1.484121e-005	3.633084e-009	
699	1.900440e-002	1.314397e-004	-1.48197e-005	-3.62584e-009	
700	1.900671e-002	-1.31378e-004	1.480889e-005	3.628230e-009	
701	1.901133e-002	1.313480e-004	-1.48035e-005	-3.62342e-009	
702	1.902057e-002	-1.31333e-004	1.480082e-005	3.627018e-009	
703	1.903905e-002	1.313250e-004	-1.47995e-005	-3.62281e-009	
704	1.907602e-002	-1.31321e-004	1.479880e-005	3.626715e-009	
705	1.914996e-002	1.313193e-004	-1.47985e-005	-3.62266e-009	
706	1.929783e-002	-1.31318e-004	1.479830e-005	3.626639e-009	
707	1.959358e-002	1.313179e-004	-1.47982e-005	-3.62262e-009	
708	1.999358e-002	-1.31318e-004	1.479815e-005	3.626617e-009	
709	2.000000e-002	1.312957e-004	-1.47943e-005	-3.62203e-009	
